-4.74708
-4.74708
-4.76108
-4.77509
-4.80311
-4.83813
-4.87315
-4.91494
-4.97769
-5.01268
-5.08274
-5.13178
-5.18703
-5.24978
-5.32013
-5.36868
-5.42475
-5.4252
-5.53115
-5.58072
-5.62246
-5.62222
-5.69903
-5.69387
-5.72918
-5.73541
-5.73567
-5.70115
-5.67958
-5.64426
-5.61646
-5.6168
-5.57447
-5.42754
-5.35207
-5.26043
-5.26074
-5.15753
-4.88756
-4.72243
-4.54173
-4.542
-4.36268
-3.9331
-3.59008
-3.3885
-3.3885
-3.02636
-2.43237
-2.20754
-1.82969
-1.82979
-1.58404
-1.01666
-0.68108
-0.505957
-0.505957
-0.197295
0.214268
0.310962
0.520726
0.520726
0.56801
0.733748
0.830711
0.780413
0.780413
0.829281
0.703005
0.513903
0.465816
0.465816
0.221421
-0.18122
-0.346965
-0.674131
-0.674131
-0.888528
-1.50003
-1.88399
-2.14034
-2.14034
-2.5318
-3.16705
-3.41816
-3.74776
-3.74732
-3.97753
-4.45403
-4.67213
-4.83296
-4.83348
-4.97485
-5.15054
-5.23459
-5.18635
-5.18635
-5.21412
-5.04602
-4.83616
-4.71608
-4.71663
-4.44356
-3.66042
-3.43857
-3.01303
-3.01311
-2.76949
-2.02949
-1.52754
-1.25598
-1.25733
-0.76872
-0.0507018
0.247991
0.617823
0.618094
0.902544
1.46179
1.68559
1.90904
1.90849
2.02876
2.21741
2.35744
2.2596
2.26042
2.33029
2.12874
1.85573
1.76638
1.76595
1.41076
0.81741
0.567635
0.0991744
0.100515
-0.220753
-1.08548
-1.60323
-0.197401
-1.98609
-2.50889
-3.4112
-1.99039
-4.27739
-4.27529
-4.60459
-5.33089
-3.93157
-5.93923
-5.93986
-6.26098
-6.63392
-6.70875
-6.8366
-6.83511
-6.83541
-6.84811
-6.76533
-6.67285
-6.4991
-6.30931
-6.05794
-5.77137
-5.45066
-5.07404
-4.70581
-4.26044
-3.84865
-3.3481
-2.88844
-2.39259
-1.88273
-1.38888
-0.864283
-0.369228
0.141089
0.58804
1.09161
1.47523
1.93162
2.2381
2.60995
2.84096
3.12122
3.24762
3.41711
3.41012
3.48036
3.34175
3.29308
3.02682
2.84656
2.47731
2.16973
1.69448
1.28373
0.718548
0.22943
44.6011
44.0501
43.3717
42.7788
42.0804
41.4794
40.7524
40.0404
39.1725
38.3209
37.3127
36.3037
35.1191
33.8622
32.5278
31.1133
29.6257
28.0665
26.4266
24.7975
23.0857
21.3612
19.7118
17.999
16.2719
14.699
13.1124
11.5571
10.1414
8.84021
7.48711
6.42744
5.47241
4.51103
3.78203
3.14914
2.59447
2.32506
2.05988
2.05017
2.134
2.40412
2.70168
3.18589
3.71699
4.37773
5.14268
5.95408
6.92822
7.87415
9.05724
10.1761
11.4693
12.8004
14.1819
15.7607
17.2383
18.9354
20.6332
22.4067
24.1741
25.9489
27.8609
29.5813
31.4236
33.142
34.8363
36.4992
37.9925
39.4168
40.7073
41.9487
42.9369
43.864
44.4915
44.9865
45.2955
45.2493
45.176
44.7746
44.1495
43.3158
42.2997
41.0101
39.5379
38.0015
36.0914
34.2333
32.1893
29.8868
27.7681
25.293
22.972
20.505
18.0117
15.6837
13.1323
10.848
8.61173
6.32128
4.32326
2.48436
0.641521
-0.807705
-2.10595
-3.23589
-4.17343
-4.771
-5.38248
-5.62029
-5.74705
-5.72878
-5.48226
-5.16837
-4.66611
-4.0468
-3.33644
-2.50126
-1.60347
-0.598202
0.424007
1.56635
2.73283
3.98054
5.27251
6.63945
8.06426
9.54959
11.1004
12.7047
14.4121
16.1488
18.0246
19.8781
21.9266
23.8369
26.027
27.9801
30.1651
32.1189
34.2702
36.2758
38.2433
40.2375
42.0199
43.8594
45.5641
47.0116
48.4466
49.4828
50.5097
51.2092
51.6136
51.8143
51.7514
51.3687
50.7634
49.917
48.7679
47.3069
45.7055
43.8456
41.7574
39.5272
37.1352
34.6181
31.8329
29.0503
26.1238
23.2872
20.2012
17.3187
13.7659
11.3762
7.89566
5.87375
2.39007
0.893528
-2.42969
-3.40923
-6.42016
-6.78114
-8.11286
-10.4896
-9.98331
-10.4165
-10.7404
-10.7307
-10.7329
-10.097
-9.42708
-7.27829
-8.62468
-6.16499
-5.05199
-2.64911
-2.15451
-2.15451
-0.702251
2.54005
4.31673
-38.3542
-39.1214
-37.309
-33.2059
-32.1223
-30.0944
-30.0944
-28.1853
-23.666
-21.279
-18.823
-18.8912
-16.2854
-10.6072
-7.82147
-4.88667
-4.85611
-2.0818
3.91968
7.20883
10.3493
10.3253
13.7112
20.4772
23.9693
27.1344
26.9367
30.2353
36.1152
38.4428
40.4468
40.128
41.8381
44.2851
44.6975
44.7633
44.7405
44.4173
42.538
41.1827
39.5205
39.7831
37.8844
33.2
30.7918
28.2366
28.3206
25.4942
19.2265
16.0275
12.5307
12.5794
8.95054
1.94252
-1.18105
-4.44636
-4.40868
-6.6369
-12.3441
-15.029
-17.4692
-17.4307
-19.6591
-23.5444
-25.2185
-26.9519
-26.8464
-28.3408
-31.115
-32.0287
-32.8984
-32.8119
-33.4111
-33.8741
-33.5994
-33.0588
-33.131
-32.4712
-30.3493
-29.0076
-27.4358
-27.5302
-25.867
-21.795
-19.5606
-17.1531
-17.2078
-14.5171
-8.63672
-5.58676
-2.45208
-2.45151
0.239356
4.28433
6.32002
8.57356
8.56643
10.9479
13.7229
14.4988
15.5254
15.481
16.417
18.3584
19.1999
19.9499
19.8997
20.6085
21.8694
22.3523
22.803
22.7508
23.1072
23.5982
23.7202
23.6867
23.7095
23.6402
23.1182
22.7471
22.118
22.1806
21.5033
19.4885
20.1538
18.9022
17.111
15.8367
14.3752
14.0484
9.7996
8.0077
5.4091
3.23052
-1.7709
-3.30039
-6.89631
-10.3978
-13.6288
-17.0143
-20.2716
-23.9241
-27.0811
-31.0304
-31.3595
-35.5808
-37.4167
-40.6148
-41.6446
-42.3122
-42.5508
-42.395
-41.8372
-40.8266
-39.5789
-37.8411
-35.8878
-33.603
-31.0117
-28.2134
-25.0837
-21.8068
-18.3254
-14.6242
-10.9232
-7.10539
-3.34299
0.504321
4.09192
7.69273
11.1495
14.2633
17.0778
19.4726
21.8276
23.7972
25.7078
27.3842
28.9863
30.4731
31.8579
33.1058
34.2146
35.1842
35.9917
36.6245
37.0301
37.2883
37.301
37.2327
36.8357
36.4472
35.7728
34.9914
34.0955
32.9356
31.7387
30.3042
28.6306
26.9107
-20.1441
-22.3263
-24.6761
-27.3105
-29.9841
-32.5805
-35.2311
-37.2549
-39.6536
-42.1476
-44.9293
-47.506
-50.2139
-52.5433
-55.0818
-57.3299
-59.7391
-61.8813
-63.8396
-65.5595
-66.9446
-68.0312
-68.8704
-69.2477
-69.2618
-68.9876
-68.2205
-67.0741
-65.4472
-63.3833
-60.974
-58.0998
-54.7902
-51.3174
-47.6215
-43.8449
-40.0665
-36.2599
-32.4472
-28.3644
-24.4724
-20.8209
-17.64
-14.8494
-12.3643
-10.1233
-7.90087
-5.79813
-3.81437
-1.92128
0.0233116
1.8984
3.72901
5.49968
7.11894
8.56879
9.82043
10.9018
11.72
12.2704
12.5095
12.4465
12.0816
11.4511
10.5326
9.45107
8.16496
6.74552
5.20701
3.53491
1.71007
-0.183605
-2.27156
-4.32796
-6.60912
-8.84154
-11.331
-13.8247
-16.5605
-19.4643
-22.5356
-25.8623
-29.3181
-33.1303
-36.9961
-41.1461
-45.2098
-49.3618
-53.3949
-57.2447
-61.1274
-64.5912
-67.6622
-70.3839
-72.8524
-74.8401
-76.4699
-77.4665
-77.9935
-78.0122
-77.5875
-76.6124
-75.2683
-73.4428
-70.6269
-68.2665
-65.0114
-61.4392
-57.5371
-53.3462
-48.8763
-44.2147
-39.6093
-35.1228
-30.553
-25.9242
-21.7495
-17.7283
-13.7878
-10.9481
-7.14777
-4.30479
-1.58321
1.57105
3.10358
6.67564
8.4902
10.6176
13.2566
13.17
14.5166
16.0077
16.1154
16.362
16.2821
15.822
14.7277
13.418
12.6723
9.50143
8.45847
6.45567
4.42046
2.16677
-0.154415
-2.48444
-4.946
-7.44667
-10.0441
-12.6089
-15.2456
-14.996
-16.8713
-23.5976
-26.6918
-29.9928
-29.8879
-33.476
-41.2854
-45.4688
-49.7992
-50.4566
-52.9033
-62.7442
-66.5953
-70.5522
-70.3663
-73.7369
-79.6736
-81.9475
-83.4118
-83.1958
-84.1587
-84.5839
-83.9702
-82.762
-82.9198
-81.1636
-76.1502
-73.1175
-69.7285
-69.9139
-65.9288
-56.8702
-51.872
-46.7019
-46.7493
-41.5216
-31.3174
-26.6769
-22.1636
-22.2506
-17.7935
-9.44737
-6.47995
-3.70396
-4.15204
-1.81889
3.26453
5.38617
52.4591
51.6902
53.3826
57.0913
58.2137
58.9538
58.5744
59.145
59.1186
58.3441
57.2146
57.7021
56.321
51.6176
49.2028
46.4456
47.1076
44.0036
36.6524
33.1254
29.1716
29.4828
25.2819
16.857
12.5482
8.81224
8.85234
5.36424
-2.03589
-3.97439
-5.09703
-5.08437
-5.9154
-7.53973
-6.64389
-6.74823
-6.77767
-7.74943
-9.08625
-7.81879
-3.73708
-3.77717
0.865759
11.0236
15.5943
17.8459
15.9221
16.6804
24.3378
22.8767
27.8234
29.9009
33.3527
38.7815
41.3324
42.0714
43.4022
42.6606
41.3781
40.7929
40.6302
40.7433
40.5243
40.1261
38.859
39.2362
36.7058
34.5873
31.8907
29.3854
30.8819
29.6944
28.9264
29.0884
29.236
28.8491
30.5349
31.5558
32.491
32.6883
34.0911
33.7308
33.6074
32.407
33.5948
33.9981
33.5962
33.7667
34.4895
34.6319
35.4146
36.2402
37.5568
38.0344
37.9134
38.2216
38.3214
38.9734
39.1842
38.6489
38.5059
37.9206
37.1923
36.3779
35.1225
33.5891
32.2298
31.7836
31.438
31.065
30.5516
30.7519
30.644
30.4621
30.9093
30.9876
32.0179
32.2906
31.5124
31.7128
31.6474
31.5648
31.6692
31.5354
32.1433
33.1031
33.9651
33.3194
32.8201
33.4968
34.4482
35.2203
36.2204
37.562
37.9896
38.4393
37.8019
37.3496
36.7523
36.3146
36.1477
36.0418
36.1638
36.1362
36.1587
35.9769
35.7628
35.2458
34.7546
34.2461
33.7649
33.329
32.8715
32.5223
32.2909
32.1095
31.9664
31.9674
31.9809
31.8382
31.4587
31.2108
31.1655
30.7214
30.4714
29.9842
30.0662
30.196
29.6758
29.3639
29.2535
29.1161
28.696
28.3939
28.8774
29.0103
29.0292
29.4475
29.8604
30.6233
30.2926
30.2532
29.647
30.5204
31.2231
30.405
30.1419
29.8014
30.0167
29.5326
28.9069
28.5605
28.8251
28.4507
28.4688
29.4717
29.3641
29.2139
29.2824
