21.875
21.875
21.875
21.875
21.875
21.875
21.875
21.875
21.875
21.875
21.875
21.875
21.875
21.875
21.875
21.8125
21.8125
21.8125
21.8125
21.8125
21.75
21.75
21.75
21.75
21.75
21.75
21.75
21.6875
21.6875
21.6875
21.6875
21.6875
21.6875
21.6875
21.6875
21.625
21.5625
21.5
21.4375
21.375
21.25
21.125
21
20.875
20.6875
20.5625
20.3125
20.125
19.9375
19.625
19.4375
19.1875
18.9375
18.625
18.3125
18
17.6875
17.375
17.0625
16.6875
16.3125
16
15.5625
15.25
14.8125
14.5
14.0625
13.6875
13.25
12.875
12.4375
12.0625
11.625
11.25
10.8125
10.4375
10.0625
9.625
9.25
8.8125
8.5
8.0625
7.75
7.375
7
6.625
6.3125
6
5.6875
5.375
5.125
4.8125
4.5625
4.3125
4.0625
3.9375
3.6875
3.5625
3.375
3.25
3.125
3
2.9375
2.875
2.8125
2.8125
2.75
2.8125
2.8125
2.875
3
3.0625
3.1875
3.3125
3.5
3.625
3.8125
4
4.25
4.5
4.6875
5
5.25
5.5625
5.8125
6.1875
6.5
6.75
7.125
7.4375
7.8125
8.125
8.5
8.8125
9.1875
9.5625
9.875
10.25
10.5625
10.875
11.25
11.5625
11.875
12.1875
12.4375
12.75
13
13.3125
13.5625
13.8125
14
14.25
14.4375
14.625
14.8125
14.9375
15.125
15.1875
15.3125
15.4375
15.5
15.5
15.5625
15.5625
15.5
15.375
15.375
15.3125
15.1875
15.0625
14.9375
14.8125
14.625
14.5
14.3125
14.1875
14
13.8125
13.5625
13.4375
13.1875
13
12.8125
12.5625
12.375
12.125
11.9375
11.6875
11.5
11.25
11.0625
10.8125
10.625
10.375
10.1875
9.9375
9.75
9.5625
9.375
9.125
8.9375
8.75
8.5625
8.375
8.1875
8
7.8125
7.6875
7.5
7.375
7.1875
7.0625
6.875
6.8125
6.625
6.5
6.4375
6.3125
6.25
6.125
6.0625
5.9375
5.875
5.8125
5.8125
5.75
5.75
5.6875
5.6875
5.6875
5.6875
5.6875
5.6875
5.75
5.75
5.875
5.875
6
6.0625
6.125
6.25
6.3125
6.4375
6.5
6.625
6.75
6.875
7
7.0625
7.1875
7.3125
7.4375
7.5625
7.6875
7.8125
7.9375
8.0625
8.125
8.25
8.375
8.4375
8.625
8.6875
8.8125
8.875
8.9375
9.0625
9.125
9.1875
9.25
9.3125
9.375
9.4375
9.5
9.5
9.5625
9.5625
9.5625
9.625
9.625
9.625
9.625
9.625
9.625
9.5625
9.5625
9.5
9.5
9.4375
9.375
9.375
9.3125
9.25
9.1875
9.125
9.125
9
8.9375
8.875
8.8125
8.75
8.6875
8.625
8.5
8.4375
8.3125
8.25
8.1875
8.0625
8
7.875
7.8125
7.6875
7.625
7.5625
7.4375
7.375
7.25
7.1875
7.125
7
6.9375
6.875
6.8125
6.75
6.75
6.625
6.625
6.5625
6.5625
6.5625
6.5625
6.5625
6.5625
6.5625
6.5625
6.625
6.625
6.6875
6.75
6.8125
6.8125
6.9375
6.9375
7.0625
7.125
7.1875
7.3125
7.375
7.5
7.5625
7.6875
7.75
7.8125
7.875
8
8.0625
8.125
8.1875
8.3125
8.3125
8.4375
8.4375
8.5
8.5625
8.5625
8.625
8.625
8.6875
8.6875
8.6875
8.6875
8.6875
8.6875
8.625
8.625
8.5625
8.5625
8.5625
8.5
8.4375
8.375
8.3125
8.3125
8.25
8.1875
8.125
8.0625
8
7.9375
7.9375
7.8125
7.8125
7.6875
7.6875
7.625
7.5625
7.5
7.4375
7.375
7.375
7.3125
7.25
7.25
7.1875
7.1875
7.125
7.125
7.0625
7.125
7.0625
7.0625
7.0625
7.0625
7.0625
7.0625
7.125
7.0625
7.125
7.125
7.125
7.125
7.1875
7.1875
7.1875
7.1875
7.25
7.25
7.25
7.25
7.25
7.3125
7.25
7.3125
7.3125
7.3125
7.3125
7.3125
7.375
7.3125
7.375
7.3125
7.375
7.375
7.3125
7.3125
7.3125
7.3125
7.3125
7.25
7.25
7.25
7.25
7.1875
7.125
7.1875
7.0625
7.0625
7
7
6.9375
6.875
6.8125
6.75
6.75
6.625
6.625
6.5625
6.5
6.4375
6.375
6.3125
6.25
6.1875
6.125
6.0625
6
5.9375
5.875
5.875
5.8125
5.8125
5.6875
5.6875
5.6875
5.625
5.625
5.625
5.625
5.5625
5.5625
5.5625
5.5625
5.625
5.625
5.625
5.6875
5.6875
5.75
5.75
