35.6875
35.6875
35.625
35.625
35.625
35.625
35.625
35.625
35.625
35.625
35.625
35.625
35.6875
35.6875
35.75
35.8125
35.875
35.9375
36
36.0625
36.1875
36.25
36.375
36.5
36.5625
36.6875
36.75
36.9375
37.0625
37.25
37.5
37.75
38.125
38.5
39
39.5625
40.25
40.9375
41.8125
42.6875
43.75
44.8125
46
47.1875
48.5
49.8125
51.1875
52.5625
53.9375
55.3125
56.6875
57.9375
59.125
60.25
61.25
62.0625
62.75
63.3125
63.6875
63.875
63.9375
63.8125
63.5625
63.1875
62.75
62.25
61.75
61.25
60.8125
60.3125
59.9375
59.625
59.375
59.1875
59.0625
59
59.0625
59.1875
59.3125
59.5625
59.8125
60.0625
60.3125
60.5625
60.8125
61
61.125
61.25
61.3125
61.3125
61.25
61.1875
61
60.9375
60.75
60.5625
60.4375
60.3125
60.1875
60.1875
60.125
60.125
60.1875
60.25
60.375
60.5
60.5625
60.75
60.8125
60.9375
61
61
61.0625
61.0625
61
60.875
60.875
60.75
60.625
60.5625
60.5
60.4375
60.375
60.375
60.4375
60.4375
60.5
60.625
60.625
60.75
60.8125
60.875
60.9375
61
60.9375
60.9375
60.9375
60.875
60.8125
60.75
60.6875
60.625
60.625
60.5625
60.5625
60.5625
60.625
60.625
60.625
60.6875
100000
100000
100000
100000
100000
100000
100000
100000
100000
100000
100000
100000
100000
100000
100000
100000
100000
100000
100000
100000
100000
100000
100000
100000
100000
100000
100000
100000
100000
100000
100000
100000
100000
100000
100000
100000
100000
100000
100000
100000
100000
100000
100000
100000
100000
100000
100000
100000
100000
100000
100000
100000
100000
100000
100000
100000
100000
100000
100000
100000
100000
100000
100000
100000
100000
100000
100000
100000
100000
100000
100000
100000
100000
100000
100000
100000
100000
100000
100000
100000
100000
100000
100000
100000
100000
100000
100000
100000
100000
100000
100000
100000
100000
100000
100000
100000
100000
100000
100000
100000
100000
100000
100000
100000
100000
100000
100000
100000
100000
100000
100000
100000
100000
100000
100000
100000
100000
100000
100000
100000
100000
100000
100000
100000
100000
100000
100000
100000
100000
100000
100000
100000
100000
100000
100000
100000
100000
100000
100000
100000
100000
100000
100000
100000
100000
100000
100000
100000
100000
100000
100000
100000
100000
100000
100000
100000
100000
100000
100000
100000
100000
100000
100000
100000
100000
100000
100000
100000
100000
100000
100000
100000
100000
100000
100000
100000
100000
100000
100000
100000
100000
100000
100000
100000
100000
100000
100000
100000
100000
100000
100000
100000
100000
100000
100000
100000
100000
100000
100000
100000
100000
100000
100000
100000
100000
100000
100000
100000
100000
100000
100000
100000
100000
100000
100000
100000
100000
100000
100000
100000
100000
100000
100000
100000
100000
100000
100000
100000
100000
100000
100000
100000
100000
100000
100000
100000
100000
100000
100000
100000
100000
100000
100000
100000
100000
100000
100000
100000
100000
100000
100000
100000
100000
100000
100000
100000
100000
100000
100000
100000
100000
100000
100000
100000
100000
100000
100000
100000
100000
100000
100000
100000
100000
100000
100000
100000
100000
100000
100000
100000
100000
100000
100000
100000
100000
100000
100000
100000
100000
100000
100000
100000
100000
100000
100000
100000
100000
100000
100000
100000
100000
100000
100000
100000
100000
100000
100000
100000
100000
100000
100000
100000
100000
100000
100000
100000
100000
100000
100000
100000
100000
100000
100000
100000
100000
100000
100000
100000
100000
100000
100000
100000
100000
100000
100000
100000
100000
100000
100000
100000
100000
100000
100000
100000
100000
100000
100000
100000
100000
100000
