38.375
38.375
38.375
38.3125
38.3125
38.3125
38.3125
38.3125
38.3125
38.3125
38.3125
38.3125
38.3125
38.375
38.375
38.4375
38.5
38.625
38.75
38.8125
38.8125
38.9375
39.125
39.25
39.375
39.375
39.4375
39.6875
39.8125
40
40
40.1875
40.6875
41.0625
41.5
41.5
42
43.25
43.9375
44.8125
44.8125
45.6875
47.75
48.875
50.0625
50.0625
51.3125
53.875
55.125
56.375
56.375
57.625
59.875
60.9375
61.75
61.75
62.5
63.5
63.8125
63.875
63.875
63.8125
63.3125
62.875
62.375
62.375
61.9375
60.9375
60.5
60.0625
60.0625
59.75
59.3125
59.1875
59.125
59.125
59.1875
59.375
59.625
59.875
59.875
60.0625
60.625
60.875
61.0625
61.0625
61.25
61.375
61.375
61.375
61.375
61.25
61
60.8125
60.6875
60.6875
60.5625
60.3125
60.25
60.1875
60.1875
60.1875
60.3125
60.4375
60.5625
60.5625
60.6875
60.875
61
61.0625
61.0625
61.125
61.125
61.125
61.0625
61
60.875
60.8125
60.75
60.5625
60.5625
60.5
60.5
60.4375
60.5
60.5
60.5625
60.6875
60.75
60.8125
60.9375
60.9375
61
61
61
61.0625
61
60.9375
60.875
60.8125
60.75
60.75
60.6875
60.625
60.625
60.625
60.625
60.6875
60.75
60.75
100000
100000
100000
100000
100000
100000
100000
100000
100000
100000
100000
100000
100000
100000
100000
100000
100000
100000
100000
100000
100000
100000
100000
100000
100000
100000
100000
100000
100000
100000
100000
100000
100000
100000
100000
100000
100000
100000
100000
100000
100000
100000
100000
100000
100000
100000
100000
100000
100000
100000
100000
100000
100000
100000
100000
100000
100000
100000
100000
100000
100000
100000
100000
100000
100000
100000
100000
100000
100000
100000
100000
100000
100000
100000
100000
100000
100000
100000
100000
100000
100000
100000
100000
100000
100000
100000
100000
100000
100000
100000
100000
100000
100000
100000
100000
100000
100000
100000
100000
100000
100000
100000
100000
100000
100000
100000
100000
100000
100000
100000
100000
100000
100000
100000
100000
100000
100000
100000
100000
100000
100000
100000
100000
100000
100000
100000
100000
100000
100000
100000
100000
100000
100000
100000
100000
100000
100000
100000
100000
100000
100000
100000
100000
100000
100000
100000
100000
100000
100000
100000
100000
100000
100000
100000
100000
100000
100000
100000
100000
100000
100000
100000
100000
100000
100000
100000
100000
100000
100000
100000
100000
100000
100000
100000
100000
100000
100000
100000
100000
100000
100000
100000
100000
100000
100000
100000
100000
100000
100000
100000
100000
100000
100000
100000
100000
100000
100000
100000
100000
100000
100000
100000
100000
100000
100000
100000
100000
100000
100000
100000
100000
100000
100000
100000
100000
100000
100000
100000
100000
100000
100000
100000
100000
100000
100000
100000
100000
100000
100000
100000
100000
100000
100000
100000
100000
100000
100000
100000
100000
100000
100000
100000
100000
100000
100000
100000
100000
100000
100000
100000
100000
100000
100000
100000
100000
100000
100000
100000
100000
100000
100000
100000
100000
100000
100000
100000
100000
100000
100000
100000
100000
100000
100000
100000
100000
100000
100000
100000
100000
100000
100000
100000
100000
100000
100000
100000
100000
100000
100000
100000
100000
100000
100000
100000
100000
100000
100000
100000
100000
100000
100000
100000
100000
100000
100000
100000
100000
100000
100000
100000
100000
100000
100000
100000
100000
100000
100000
100000
100000
100000
100000
100000
100000
100000
100000
100000
100000
100000
100000
100000
100000
100000
100000
100000
100000
100000
100000
100000
100000
100000
100000
100000
100000
100000
100000
100000
100000
100000
100000
100000
