38.75
38.75
38.75
38.75
38.75
38.75
38.75
38.75
38.75
38.75
38.75
38.6875
38.6875
38.625
38.625
38.625
38.5625
38.4375
38.3125
38.25
38.25
38.125
37.875
37.75
37.5625
37.5625
37.4375
37
36.75
36.5
36.5
36.1875
35.375
34.8125
34.25
34.25
33.5
47.75
30.6875
30.6875
29.5
28.1875
26.6875
25.0625
23.3125
21.4375
19.375
17.1875
14.8125
12.3125
9.6875
6.875
3.9375
0.875
-2.25
-5.5625
-9.0625
-12.5625
-16.1875
-19.875
-23.5625
-27.25
-30.9375
-34.625
-38.125
-41.625
-44.875
-48.0625
-50.875
-53.5
-55.6875
-57.5625
-59
-59.9375
-60.4375
-60.4375
-59.9375
-59
-57.6875
-56.0625
-54.125
-51.9375
-49.4375
-46.8125
-44
-40.9375
-37.75
-34.3125
-30.75
-27.0625
-23.0625
-19.125
-14.875
-10.4375
-6
-1.25
3.5
8.4375
13.625
18.8125
24.125
29.4375
34.8125
40.0625
45.3125
50.3125
55.0625
59.5
63.625
67.125
70
72.25
73.6875
74.375
74.3125
73.5
72.125
70.1875
67.875
65.1875
62.1875
58.875
55.375
51.625
47.8125
43.6875
39.5
35.125
30.6875
26.0625
21.3125
16.5
11.5625
6.5
1.3125
-3.875
-9.25
-14.75
-20.1875
-25.6875
-42
-47.25
-52.0625
-56.625
-56.625
-60.6875
-66.875
-68.875
-70.125
-70.5625
100000
100000
100000
100000
100000
100000
100000
100000
100000
100000
100000
100000
100000
100000
100000
100000
100000
100000
100000
100000
100000
100000
100000
100000
100000
100000
100000
100000
100000
100000
100000
100000
100000
100000
100000
100000
100000
100000
100000
100000
100000
100000
100000
100000
100000
100000
100000
100000
100000
100000
100000
100000
100000
100000
100000
100000
100000
100000
100000
100000
100000
100000
100000
100000
100000
100000
100000
100000
100000
100000
100000
100000
100000
100000
100000
100000
100000
100000
100000
100000
100000
100000
100000
100000
100000
100000
100000
100000
100000
100000
100000
100000
100000
100000
100000
100000
100000
100000
100000
100000
100000
100000
100000
100000
100000
100000
100000
100000
100000
100000
100000
100000
100000
100000
100000
100000
100000
100000
100000
100000
100000
100000
100000
100000
100000
100000
100000
100000
100000
100000
100000
100000
100000
100000
100000
100000
100000
100000
100000
100000
100000
100000
100000
100000
100000
100000
100000
100000
100000
100000
100000
100000
100000
100000
100000
100000
100000
100000
100000
100000
100000
100000
100000
100000
100000
100000
100000
100000
100000
100000
100000
100000
100000
100000
100000
100000
100000
100000
100000
100000
100000
100000
100000
100000
100000
100000
100000
100000
100000
100000
100000
100000
100000
100000
100000
100000
100000
100000
100000
100000
100000
100000
100000
100000
100000
100000
100000
100000
100000
100000
100000
100000
100000
100000
100000
100000
100000
100000
100000
100000
100000
100000
100000
100000
100000
100000
100000
100000
100000
100000
100000
100000
100000
100000
100000
100000
100000
100000
100000
100000
100000
100000
100000
100000
100000
100000
100000
100000
100000
100000
100000
100000
100000
100000
100000
100000
100000
100000
100000
100000
100000
100000
100000
100000
100000
100000
100000
100000
100000
100000
100000
100000
100000
100000
100000
100000
100000
100000
100000
100000
100000
100000
100000
100000
100000
100000
100000
100000
100000
100000
100000
100000
100000
100000
100000
100000
100000
100000
100000
100000
100000
100000
100000
100000
100000
100000
100000
100000
100000
100000
100000
100000
100000
100000
100000
100000
100000
100000
100000
100000
100000
100000
100000
100000
100000
100000
100000
100000
100000
100000
100000
100000
100000
100000
100000
100000
100000
100000
100000
100000
100000
100000
100000
100000
100000
100000
100000
100000
100000
100000
