15.8125
15.9375
16.0625
16.1875
16.3125
16.4375
16.5625
16.6875
16.8125
17
17.1875
17.4375
17.6875
18
18.25
18.625
18.9375
19.3125
19.625
20.0625
20.4375
20.8125
21.1875
21.625
22
22.4375
22.8125
23.25
23.6875
24.125
24.5625
25.0625
25.5
26.0625
26.5625
27.125
27.75
28.375
29.0625
29.6875
30.4375
31.125
31.9375
32.75
33.5625
34.375
35.25
36.125
37.0625
37.9375
38.875
39.75
41.625
42.5625
43.4375
44.375
45.125
46.0625
46.75
47.5625
48.25
48.9375
49.5625
50.125
50.6875
51.1875
51.6875
52.125
52.5
52.8125
53.125
53.375
53.5
53.625
53.6875
53.6875
53.6875
53.625
53.5625
53.375
53.25
53.125
53
52.875
52.75
52.6875
52.625
52.5625
52.5625
52.5625
52.5625
52.6875
52.6875
52.8125
52.9375
53
53.125
53.1875
53.25
53.25
53.3125
53.25
53.25
53.1875
53.125
53.125
53
53
52.9375
52.875
52.8125
52.8125
52.8125
52.75
52.8125
52.8125
52.8125
52.875
52.9375
53
53
53.0625
53.125
53.125
53.125
53.125
53.125
53.125
53.0625
53.0625
53
52.9375
52.875
52.875
52.875
52.8125
52.8125
52.8125
52.8125
52.8125
52.8125
52.8125
52.875
52.875
52.9375
52.9375
53
53
53
53.0625
100000
100000
100000
100000
100000
100000
100000
100000
100000
100000
100000
100000
100000
100000
100000
100000
100000
100000
100000
100000
100000
100000
100000
100000
100000
100000
100000
100000
100000
100000
100000
100000
100000
100000
100000
100000
100000
100000
100000
100000
100000
100000
100000
100000
100000
100000
100000
100000
100000
100000
100000
100000
100000
100000
100000
100000
100000
100000
100000
100000
100000
100000
100000
100000
100000
100000
100000
100000
100000
100000
100000
100000
100000
100000
100000
100000
100000
100000
100000
100000
100000
100000
100000
100000
100000
100000
100000
100000
100000
100000
100000
100000
100000
100000
100000
100000
100000
100000
100000
100000
100000
100000
100000
100000
100000
100000
100000
100000
100000
100000
100000
100000
100000
100000
100000
100000
100000
100000
100000
100000
100000
100000
100000
100000
100000
100000
100000
100000
100000
100000
100000
100000
100000
100000
100000
100000
100000
100000
100000
100000
100000
100000
100000
100000
100000
100000
100000
100000
100000
100000
100000
100000
100000
100000
100000
100000
100000
100000
100000
100000
100000
100000
100000
100000
100000
100000
100000
100000
100000
100000
100000
100000
100000
100000
100000
100000
100000
100000
100000
100000
100000
100000
100000
100000
100000
100000
100000
100000
100000
100000
100000
100000
100000
100000
100000
100000
100000
100000
100000
100000
100000
100000
100000
100000
100000
100000
100000
100000
100000
100000
100000
100000
100000
100000
100000
100000
100000
100000
100000
100000
100000
100000
100000
100000
100000
100000
100000
100000
100000
100000
100000
100000
100000
100000
100000
100000
100000
100000
100000
100000
100000
100000
100000
100000
100000
100000
100000
100000
100000
100000
100000
100000
100000
100000
100000
100000
100000
100000
100000
100000
100000
100000
100000
100000
100000
100000
100000
100000
100000
100000
100000
100000
100000
100000
100000
100000
100000
100000
100000
100000
100000
100000
100000
100000
100000
100000
100000
100000
100000
100000
100000
100000
100000
100000
100000
100000
100000
100000
100000
100000
100000
100000
100000
100000
100000
100000
100000
100000
100000
100000
100000
100000
100000
100000
100000
100000
100000
100000
100000
100000
100000
100000
100000
100000
100000
100000
100000
100000
100000
100000
100000
100000
100000
100000
100000
100000
100000
100000
100000
100000
100000
100000
100000
100000
100000
100000
100000
100000
100000
100000
