36.0625
36.0625
36.0625
36.0625
36.0625
36.0625
36.0625
36.0625
36.0625
36.0625
36.0625
36.0625
36.0625
36.125
36.125
36.1875
36.25
36.3125
36.375
36.5
36.5625
36.625
36.75
36.8125
36.9375
37
37.125
37.25
37.4375
37.5625
37.75
38.0625
38.3125
38.6875
39.125
39.625
40.25
40.9375
41.6875
42.5625
43.5
44.5
45.625
46.8125
48.0625
49.3125
50.6875
52.0625
53.375
54.75
56.125
57.375
58.625
59.75
60.8125
61.6875
62.5
63.125
63.625
63.9375
64.0625
64
63.875
63.5625
63.125
62.6875
62.1875
61.6875
61.25
60.75
60.375
60
59.75
59.5
59.375
59.3125
59.3125
59.375
59.5
59.6875
59.875
60.125
60.4375
60.6875
60.875
61.125
61.3125
61.4375
61.5
61.5
61.5
61.4375
61.3125
61.1875
61
60.875
60.75
60.5625
60.5
60.4375
60.375
60.375
60.4375
60.4375
60.5625
60.6875
60.75
60.9375
61
61.0625
61.1875
61.25
61.25
61.25
61.25
61.125
61.0625
61
60.875
60.875
60.75
60.6875
60.625
60.625
60.625
60.6875
60.6875
60.8125
60.875
60.9375
61.0625
61.125
61.125
61.1875
61.1875
61.1875
61.1875
61.125
61.0625
61.0625
60.9375
60.9375
60.875
60.8125
60.8125
60.8125
60.8125
60.875
60.875
60.875
100000
100000
100000
100000
100000
100000
100000
100000
100000
100000
100000
100000
100000
100000
100000
100000
100000
100000
100000
100000
100000
100000
100000
100000
100000
100000
100000
100000
100000
100000
100000
100000
100000
100000
100000
100000
100000
100000
100000
100000
100000
100000
100000
100000
100000
100000
100000
100000
100000
100000
100000
100000
100000
100000
100000
100000
100000
100000
100000
100000
100000
100000
100000
100000
100000
100000
100000
100000
100000
100000
100000
100000
100000
100000
100000
100000
100000
100000
100000
100000
100000
100000
100000
100000
100000
100000
100000
100000
100000
100000
100000
100000
100000
100000
100000
100000
100000
100000
100000
100000
100000
100000
100000
100000
100000
100000
100000
100000
100000
100000
100000
100000
100000
100000
100000
100000
100000
100000
100000
100000
100000
100000
100000
100000
100000
100000
100000
100000
100000
100000
100000
100000
100000
100000
100000
100000
100000
100000
100000
100000
100000
100000
100000
100000
100000
100000
100000
100000
100000
100000
100000
100000
100000
100000
100000
100000
100000
100000
100000
100000
100000
100000
100000
100000
100000
100000
100000
100000
100000
100000
100000
100000
100000
100000
100000
100000
100000
100000
100000
100000
100000
100000
100000
100000
100000
100000
100000
100000
100000
100000
100000
100000
100000
100000
100000
100000
100000
100000
100000
100000
100000
100000
100000
100000
100000
100000
100000
100000
100000
100000
100000
100000
100000
100000
100000
100000
100000
100000
100000
100000
100000
100000
100000
100000
100000
100000
100000
100000
100000
100000
100000
100000
100000
100000
100000
100000
100000
100000
100000
100000
100000
100000
100000
100000
100000
100000
100000
100000
100000
100000
100000
100000
100000
100000
100000
100000
100000
100000
100000
100000
100000
100000
100000
100000
100000
100000
100000
100000
100000
100000
100000
100000
100000
100000
100000
100000
100000
100000
100000
100000
100000
100000
100000
100000
100000
100000
100000
100000
100000
100000
100000
100000
100000
100000
100000
100000
100000
100000
100000
100000
100000
100000
100000
100000
100000
100000
100000
100000
100000
100000
100000
100000
100000
100000
100000
100000
100000
100000
100000
100000
100000
100000
100000
100000
100000
100000
100000
100000
100000
100000
100000
100000
100000
100000
100000
100000
100000
100000
100000
100000
100000
100000
100000
100000
100000
100000
100000
100000
100000
100000
