38.8125
38.8125
38.8125
38.8125
38.8125
38.8125
38.8125
38.75
38.75
38.75
38.75
38.75
38.75
38.75
38.75
38.75
38.75
38.75
38.75
38.75
38.75
38.6875
38.6875
38.6875
38.6875
38.6875
38.6875
38.6875
38.6875
38.6875
38.75
38.75
38.75
38.8125
38.8125
38.875
38.875
38.9375
38.9375
39
39.0625
39.125
39.1875
39.1875
39.3125
39.3125
39.375
39.4375
39.5
39.5625
39.625
39.6875
39.6875
39.8125
39.8125
39.875
39.875
39.9375
39.9375
39.9375
40
40
40
40
40
40
40
40
40
40
40
40
40
40
40
40
40
40
40
40
40
40
40.0625
40.0625
40.0625
40.0625
40.125
40.125
40.1875
40.1875
40.25
40.1875
40.3125
40.25
40.3125
40.3125
40.375
40.4375
40.4375
40.4375
40.4375
40.5
40.5
40.5625
40.5625
40.625
40.625
40.6875
40.625
40.6875
40.6875
40.75
40.75
40.8125
40.8125
40.875
40.875
40.875
40.9375
40.9375
41
41
41.0625
41.0625
41.125
41.125
41.125
41.125
41.1875
41.1875
41.25
41.25
41.3125
41.3125
41.3125
41.375
41.375
41.4375
41.4375
41.4375
41.4375
41.5
41.5
41.5625
41.5625
41.625
41.5625
41.625
41.625
41.6875
100000
100000
100000
100000
100000
100000
100000
100000
100000
100000
100000
100000
100000
100000
100000
100000
100000
100000
100000
100000
100000
100000
100000
100000
100000
100000
100000
100000
100000
100000
100000
100000
100000
100000
100000
100000
100000
100000
100000
100000
100000
100000
100000
100000
100000
100000
100000
100000
100000
100000
100000
100000
100000
100000
100000
100000
100000
100000
100000
100000
100000
100000
100000
100000
100000
100000
100000
100000
100000
100000
100000
100000
100000
100000
100000
100000
100000
100000
100000
100000
100000
100000
100000
100000
100000
100000
100000
100000
100000
100000
100000
100000
100000
100000
100000
100000
100000
100000
100000
100000
100000
100000
100000
100000
100000
100000
100000
100000
100000
100000
100000
100000
100000
100000
100000
100000
100000
100000
100000
100000
100000
100000
100000
100000
100000
100000
100000
100000
100000
100000
100000
100000
100000
100000
100000
100000
100000
100000
100000
100000
100000
100000
100000
100000
100000
100000
100000
100000
100000
100000
100000
100000
100000
100000
100000
100000
100000
100000
100000
100000
100000
100000
100000
100000
100000
100000
100000
100000
100000
100000
100000
100000
100000
100000
100000
100000
100000
100000
100000
100000
100000
100000
100000
100000
100000
100000
100000
100000
100000
100000
100000
100000
100000
100000
100000
100000
100000
100000
100000
100000
100000
100000
100000
100000
100000
100000
100000
100000
100000
100000
100000
100000
100000
100000
100000
100000
100000
100000
100000
100000
100000
100000
100000
100000
100000
100000
100000
100000
100000
100000
100000
100000
100000
100000
100000
100000
100000
100000
100000
100000
100000
100000
100000
100000
100000
100000
100000
100000
100000
100000
100000
100000
100000
100000
100000
100000
100000
100000
100000
100000
100000
100000
100000
100000
100000
100000
100000
100000
100000
100000
100000
100000
100000
100000
100000
100000
100000
100000
100000
100000
100000
100000
100000
100000
100000
100000
100000
100000
100000
100000
100000
100000
100000
100000
100000
100000
100000
100000
100000
100000
100000
100000
100000
100000
100000
100000
100000
100000
100000
100000
100000
100000
100000
100000
100000
100000
100000
100000
100000
100000
100000
100000
100000
100000
100000
100000
100000
100000
100000
100000
100000
100000
100000
100000
100000
100000
100000
100000
100000
100000
100000
100000
100000
100000
100000
100000
100000
100000
100000
100000
