16.625
16.625
16.625
16.625
16.625
16.625
16.625
16.625
16.625
16.625
16.625
16.625
16.625
16.625
16.625
16.6875
16.6875
16.75
16.75
16.8125
16.8125
16.875
16.9375
16.9375
17
17.0625
17.0625
17.125
17.1875
17.1875
17.25
17.3125
17.375
17.4375
17.5
17.5625
17.6875
17.75
17.875
17.9375
18.0625
18.1875
18.3125
18.4375
18.5625
18.6875
18.8125
19
19.0625
19.25
19.375
19.5
19.6875
19.8125
19.9375
20.0625
20.25
20.375
20.5625
20.6875
20.8125
20.9375
21.0625
21.25
21.3125
21.5
21.5625
21.6875
21.8125
21.9375
22.0625
22.125
22.25
22.3125
22.4375
22.5
22.5625
22.6875
22.75
22.8125
22.8125
22.9375
22.9375
23
23.0625
23.125
23.125
23.1875
23.1875
23.1875
23.25
23.25
23.25
23.25
23.3125
23.25
23.3125
23.25
23.3125
23.25
23.25
23.25
23.25
23.25
23.1875
23.25
23.1875
23.1875
23.1875
23.1875
23.1875
23.1875
23.1875
23.1875
23.1875
23.1875
23.1875
23.1875
23.25
23.25
23.3125
23.3125
23.375
23.375
23.375
23.4375
23.4375
23.5
23.5
23.625
23.625
23.6875
23.6875
23.75
23.75
23.8125
23.875
23.875
23.9375
23.9375
24
24.0625
24.125
24.125
24.1875
24.1875
24.25
24.25
24.375
24.375
24.4375
24.5
24.5
24.5625
24.625
24.6875
24.6875
24.75
24.8125
24.875
24.875
25
25
25.0625
25.125
25.1875
25.1875
25.25
25.3125
25.375
25.4375
25.4375
25.5625
25.5625
25.625
25.6875
25.75
25.75
25.8125
25.875
25.9375
25.9375
26
26.0625
26.0625
26.1875
26.1875
26.25
26.3125
26.375
26.4375
26.5
26.5
26.625
26.625
26.75
26.75
26.875
26.875
27
27.0625
27.0625
27.1875
27.1875
27.3125
27.375
27.4375
27.5
27.625
27.625
27.625
27.6875
27.8125
27.8125
27.9375
28
28.0625
28.1875
28.25
28.3125
28.375
28.4375
28.5
28.5625
28.625
28.6875
28.75
28.8125
28.9375
28.9375
29.0625
29.0625
29.1875
29.1875
29.3125
29.3125
29.4375
29.4375
29.5625
29.5625
29.625
29.6875
29.75
29.8125
29.875
29.875
29.9375
30
30.0625
30.125
30.125
30.1875
30.1875
30.25
30.3125
30.3125
30.375
30.375
30.375
30.4375
30.4375
30.5
30.5
30.5625
30.5625
30.625
30.5625
30.625
30.625
30.6875
30.6875
30.75
30.6875
30.75
30.75
30.8125
30.8125
30.875
30.875
30.9375
30.9375
31
31
31.0625
31.0625
31.125
31.125
31.1875
31.1875
31.25
31.3125
31.375
31.375
31.4375
31.4375
31.5625
31.5625
31.625
31.625
31.75
31.75
31.8125
31.8125
31.9375
31.9375
32
32.0625
32.125
32.125
32.1875
32.1875
32.3125
32.3125
32.375
32.4375
32.5
32.5
32.5625
32.5625
32.6875
32.6875
32.75
32.75
32.8125
32.8125
32.8125
32.9375
33
33
33.125
33.125
33.1875
33.1875
33.3125
33.25
33.375
33.375
33.5
33.5
33.5625
33.5625
33.6875
33.6875
33.8125
33.8125
33.875
33.875
34
34
34.125
34.125
34.125
34.1875
34.3125
34.3125
34.3125
34.375
34.5
34.5
34.5625
34.5625
34.625
34.75
34.75
34.8125
34.8125
34.875
34.9375
35.0625
35.0625
35.0625
35.1875
35.25
35.25
35.375
35.375
35.375
35.5
35.625
35.5625
35.5625
35.6875
35.8125
35.8125
35.875
35.875
35.9375
36
36.0625
36.125
36.125
36.125
36.1875
36.25
36.25
36.25
36.375
36.4375
36.375
36.5
36.5
36.5
36.5625
36.625
36.625
36.625
36.6875
36.6875
36.75
36.75
36.75
36.8125
36.9375
36.875
37
37
36.9375
37.0625
37.125
37.125
37.125
37.125
37.1875
37.25
37.25
37.25
37.3125
37.3125
37.4375
37.375
37.5
37.4375
37.5625
37.5625
37.625
37.625
37.6875
37.75
37.75
37.8125
37.8125
37.875
37.875
38
38
38.0625
38.0625
38.125
38.1875
38.1875
38.25
38.3125
38.375
38.375
38.4375
38.4375
38.5
38.5625
38.625
38.625
38.6875
38.75
38.75
38.8125
38.8125
38.9375
38.9375
39
39
39.0625
39.125
39.125
39.1875
39.1875
39.25
39.3125
39.375
39.375
39.4375
39.5
39.5
39.5625
39.5625
39.625
39.6875
39.6875
39.75
39.75
39.8125
39.875
39.875
39.9375
39.9375
40
100000
100000
100000
100000
100000
100000
