38.8125
38.8125
38.8125
38.8125
38.8125
38.8125
38.8125
38.8125
38.8125
38.8125
38.8125
38.75
38.75
38.6875
38.625
38.625
38.5625
38.5
38.4375
38.375
38.25
38.125
38
37.875
37.75
37.5625
37.375
37.1875
37
36.75
36.5
36.125
35.75
35.3125
34.75
34.1875
33.4375
32.625
31.625
30.5625
29.375
28.0625
26.625
24.9375
23.25
21.3125
19.3125
17.125
14.8125
12.3125
9.75
7
4.0625
1.125
-2
-5.25
-8.625
-12.0625
-15.5625
-19.125
-22.75
-26.3125
-29.9375
-33.4375
-36.8125
-40.125
-43.1875
-46.0625
-48.6875
-50.9375
-52.875
-54.3125
-55.375
-56.0625
-56.1875
-55.875
-55.125
-54.0625
-52.625
-50.8125
-48.8125
-46.5625
-43.9375
-41.25
-38.3125
-35.125
-31.8125
-28.25
-24.5
-20.625
-16.5625
-12.25
-7.875
-3.25
1.4375
6.3125
11.375
16.5625
21.8125
27.1875
32.5625
37.9375
43.25
48.4375
53.375
58.0625
62.375
66.25
69.5
72.125
74
75
75.3125
74.8125
73.6875
72
69.375
66.8125
63.875
60.75
57.3125
53.5
49.75
45.6875
41.5
37.0625
32.5625
28
23.1875
18.375
13.4375
8.3125
3.25
-1.9375
-7.3125
-12.6875
-18.125
-23.625
-29.125
-34.5
-39.875
-45.0625
-49.9375
-54.625
-58.6875
-62.3125
-65.25
-67.5
-68.9375
-69.625
100000
100000
100000
100000
100000
100000
100000
100000
100000
100000
100000
100000
100000
100000
100000
100000
100000
100000
100000
100000
100000
100000
100000
100000
100000
100000
100000
100000
100000
100000
100000
100000
100000
100000
100000
100000
100000
100000
100000
100000
100000
100000
100000
100000
100000
100000
100000
100000
100000
100000
100000
100000
100000
100000
100000
100000
100000
100000
100000
100000
100000
100000
100000
100000
100000
100000
100000
100000
100000
100000
100000
100000
100000
100000
100000
100000
100000
100000
100000
100000
100000
100000
100000
100000
100000
100000
100000
100000
100000
100000
100000
100000
100000
100000
100000
100000
100000
100000
100000
100000
100000
100000
100000
100000
100000
100000
100000
100000
100000
100000
100000
100000
100000
100000
100000
100000
100000
100000
100000
100000
100000
100000
100000
100000
100000
100000
100000
100000
100000
100000
100000
100000
100000
100000
100000
100000
100000
100000
100000
100000
100000
100000
100000
100000
100000
100000
100000
100000
100000
100000
100000
100000
100000
100000
100000
100000
100000
100000
100000
100000
100000
100000
100000
100000
100000
100000
100000
100000
100000
100000
100000
100000
100000
100000
100000
100000
100000
100000
100000
100000
100000
100000
100000
100000
100000
100000
100000
100000
100000
100000
100000
100000
100000
100000
100000
100000
100000
100000
100000
100000
100000
100000
100000
100000
100000
100000
100000
100000
100000
100000
100000
100000
100000
100000
100000
100000
100000
100000
100000
100000
100000
100000
100000
100000
100000
100000
100000
100000
100000
100000
100000
100000
100000
100000
100000
100000
100000
100000
100000
100000
100000
100000
100000
100000
100000
100000
100000
100000
100000
100000
100000
100000
100000
100000
100000
100000
100000
100000
100000
100000
100000
100000
100000
100000
100000
100000
100000
100000
100000
100000
100000
100000
100000
100000
100000
100000
100000
100000
100000
100000
100000
100000
100000
100000
100000
100000
100000
100000
100000
100000
100000
100000
100000
100000
100000
100000
100000
100000
100000
100000
100000
100000
100000
100000
100000
100000
100000
100000
100000
100000
100000
100000
100000
100000
100000
100000
100000
100000
100000
100000
100000
100000
100000
100000
100000
100000
100000
100000
100000
100000
100000
100000
100000
100000
100000
100000
100000
100000
100000
100000
100000
100000
100000
100000
100000
100000
100000
100000
100000
100000
