19.5625
19.4375
19.375
19.3125
19.1875
19.25
19.25
19.375
19.4375
19.5625
19.625
19.625
19.9375
20.125
20.375
20.5625
20.5625
21.0625
21.3125
21.625
21.9375
22.1875
22.5
22.8125
23.1875
23.5
23.8125
24.1875
24.5625
24.875
25.3125
25.3125
25.75
26.6875
27.1875
27.75
27.75
28.9375
29.625
30.3125
31.0625
31.0625
31.8125
33.4375
34.375
35.25
35.25
36.1875
38.1875
39.125
40.1875
40.1875
41.1875
43.25
44.3125
45.3125
45.3125
46.375
48.3125
49.1875
50.125
50.125
50.9375
52.5
53.1875
53.9375
53.9375
54.5625
55.625
56.0625
56.5
56.5
56.8125
57.25
57.3125
57.375
57.375
57.375
57.1875
57
56.875
56.875
56.625
56.25
56.0625
55.9375
55.9375
55.8125
55.6875
55.625
55.6875
55.6875
55.6875
55.875
55.9375
56.0625
56.0625
56.1875
56.375
56.4375
56.5
56.5
56.5625
56.5625
56.5
56.5
56.4375
56.4375
56.3125
56.25
56.1875
56.125
56.0625
56
56
55.9375
55.9375
55.9375
55.9375
56
56.0625
56.0625
56.1875
56.1875
56.25
56.25
56.3125
56.3125
56.3125
56.3125
56.3125
56.25
56.25
56.125
56.125
56.0625
56
56
55.9375
55.9375
55.9375
55.9375
55.9375
55.9375
56
56.0625
56.0625
56.125
56.125
56.1875
100000
100000
100000
100000
100000
100000
100000
100000
100000
100000
100000
100000
100000
100000
100000
100000
100000
100000
100000
100000
100000
100000
100000
100000
100000
100000
100000
100000
100000
100000
100000
100000
100000
100000
100000
100000
100000
100000
100000
100000
100000
100000
100000
100000
100000
100000
100000
100000
100000
100000
100000
100000
100000
100000
100000
100000
100000
100000
100000
100000
100000
100000
100000
100000
100000
100000
100000
100000
100000
100000
100000
100000
100000
100000
100000
100000
100000
100000
100000
100000
100000
100000
100000
100000
100000
100000
100000
100000
100000
100000
100000
100000
100000
100000
100000
100000
100000
100000
100000
100000
100000
100000
100000
100000
100000
100000
100000
100000
100000
100000
100000
100000
100000
100000
100000
100000
100000
100000
100000
100000
100000
100000
100000
100000
100000
100000
100000
100000
100000
100000
100000
100000
100000
100000
100000
100000
100000
100000
100000
100000
100000
100000
100000
100000
100000
100000
100000
100000
100000
100000
100000
100000
100000
100000
100000
100000
100000
100000
100000
100000
100000
100000
100000
100000
100000
100000
100000
100000
100000
100000
100000
100000
100000
100000
100000
100000
100000
100000
100000
100000
100000
100000
100000
100000
100000
100000
100000
100000
100000
100000
100000
100000
100000
100000
100000
100000
100000
100000
100000
100000
100000
100000
100000
100000
100000
100000
100000
100000
100000
100000
100000
100000
100000
100000
100000
100000
100000
100000
100000
100000
100000
100000
100000
100000
100000
100000
100000
100000
100000
100000
100000
100000
100000
100000
100000
100000
100000
100000
100000
100000
100000
100000
100000
100000
100000
100000
100000
100000
100000
100000
100000
100000
100000
100000
100000
100000
100000
100000
100000
100000
100000
100000
100000
100000
100000
100000
100000
100000
100000
100000
100000
100000
100000
100000
100000
100000
100000
100000
100000
100000
100000
100000
100000
100000
100000
100000
100000
100000
100000
100000
100000
100000
100000
100000
100000
100000
100000
100000
100000
100000
100000
100000
100000
100000
100000
100000
100000
100000
100000
100000
100000
100000
100000
100000
100000
100000
100000
100000
100000
100000
100000
100000
100000
100000
100000
100000
100000
100000
100000
100000
100000
100000
100000
100000
100000
100000
100000
100000
100000
100000
100000
100000
100000
100000
100000
100000
100000
100000
100000
100000
