36.125
36.125
36.125
36.125
36.125
36.0625
36.0625
36.0625
36.0625
36.0625
36.0625
36.125
36.125
36.1875
36.25
36.3125
36.375
36.4375
36.5
36.625
36.6875
36.75
36.8125
36.875
36.9375
36.9375
37
37.0625
37.0625
37.0625
37.125
37.1875
37.1875
37.25
37.3125
37.375
37.5
37.5625
37.6875
37.75
37.8125
37.9375
38
38.125
38.125
38.1875
38.25
38.3125
38.375
38.375
38.375
38.375
38.375
38.375
38.3125
38.3125
38.25
38.1875
38.125
38.125
38
38
37.875
37.875
37.8125
37.75
37.75
37.6875
37.6875
37.625
37.625
37.625
37.625
37.625
37.6875
37.6875
37.75
37.75
37.75
37.875
37.9375
38
38
38.125
38.125
38.1875
38.1875
38.1875
38.25
38.3125
38.375
38.375
38.375
38.4375
38.4375
38.4375
38.4375
38.4375
38.375
38.375
38.375
38.375
38.375
38.375
38.3125
38.3125
38.3125
38.3125
38.3125
38.3125
38.3125
38.3125
38.3125
38.375
38.3125
38.4375
38.375
38.375
38.5
38.5625
38.5625
38.625
38.625
38.625
38.6875
38.75
38.75
38.75
38.8125
38.8125
38.875
38.875
38.875
38.9375
38.9375
38.9375
39
39
38.9375
39
39.0625
39.0625
39.0625
39.0625
39.125
39.125
39.1875
39.1875
39.1875
39.25
39.3125
39.3125
39.3125
39.3125
39.375
39.4375
39.4375
39.4375
39.5
39.625
39.625
39.6875
39.6875
39.6875
39.75
39.8125
39.8125
39.8125
39.875
39.875
40
100000
100000
100000
100000
100000
100000
100000
100000
100000
100000
100000
100000
100000
100000
100000
100000
100000
100000
100000
100000
100000
100000
100000
100000
100000
100000
100000
100000
100000
100000
100000
100000
100000
100000
100000
100000
100000
100000
100000
100000
100000
100000
100000
100000
100000
100000
100000
100000
100000
100000
100000
100000
100000
100000
100000
100000
100000
100000
100000
100000
100000
100000
100000
100000
100000
100000
100000
100000
100000
100000
100000
100000
100000
100000
100000
100000
100000
100000
100000
100000
100000
100000
100000
100000
100000
100000
100000
100000
100000
100000
100000
100000
100000
100000
100000
100000
100000
100000
100000
100000
100000
100000
100000
100000
100000
100000
100000
100000
100000
100000
100000
100000
100000
100000
100000
100000
100000
100000
100000
100000
100000
100000
100000
100000
100000
100000
100000
100000
100000
100000
100000
100000
100000
100000
100000
100000
100000
100000
100000
100000
100000
100000
100000
100000
100000
100000
100000
100000
100000
100000
100000
100000
100000
100000
100000
100000
100000
100000
100000
100000
100000
100000
100000
100000
100000
100000
100000
100000
100000
100000
100000
100000
100000
100000
100000
100000
100000
100000
100000
100000
100000
100000
100000
100000
100000
100000
100000
100000
100000
100000
100000
100000
100000
100000
100000
100000
100000
100000
100000
100000
100000
100000
100000
100000
100000
100000
100000
100000
100000
100000
100000
100000
100000
100000
100000
100000
100000
100000
100000
100000
100000
100000
100000
100000
100000
100000
100000
100000
100000
100000
100000
100000
100000
100000
100000
100000
100000
100000
100000
100000
100000
100000
100000
100000
100000
100000
100000
100000
100000
100000
100000
100000
100000
100000
100000
100000
100000
100000
100000
100000
100000
100000
100000
100000
100000
100000
100000
100000
100000
100000
100000
100000
100000
100000
100000
100000
100000
100000
100000
100000
100000
100000
100000
100000
100000
100000
100000
100000
100000
100000
100000
100000
100000
100000
100000
100000
100000
100000
100000
100000
100000
100000
100000
100000
100000
100000
100000
100000
100000
100000
100000
100000
100000
100000
100000
100000
100000
100000
100000
100000
100000
100000
100000
100000
100000
100000
100000
100000
100000
