36.125
36.0625
36.0625
36.0625
36.0625
36.0625
36.0625
36.0625
36.0625
36
36
36
36
35.9375
35.875
35.8125
35.75
35.6875
35.625
35.5
35.4375
35.3125
35.1875
35
34.875
34.6875
34.5
34.3125
34.0625
33.8125
33.4375
33.125
32.625
32.125
31.5
30.8125
29.9375
29.0625
28
26.8125
25.5
24.0625
22.4375
20.75
18.875
16.875
14.75
12.4375
10
7.4375
4.6875
1.8125
-1.0625
-4.1875
-7.375
-10.6875
-14.0625
-17.5
-21
-24.5
-27.9375
-31.375
-34.75
-37.9375
-41.0625
-43.875
-46.5625
-48.875
-50.9375
-52.5625
-53.875
-54.6875
-55.1875
-55.1875
-54.75
-54
-52.8125
-51.375
-49.625
-47.625
-45.375
-42.875
-40.1875
-37.25
-34.1875
-30.875
-27.375
-23.75
-19.875
-15.875
-11.6875
-7.375
-2.875
1.75
6.5625
11.5625
16.625
21.8125
27.0625
32.3125
37.625
42.8125
47.8125
52.625
57.25
61.375
65.1875
68.375
70.9375
72.75
73.8125
74.125
73.6875
72.625
71
68.9375
66.4375
63.625
60.5
57.1875
53.6875
49.9375
46
42
37.8125
33.5
29.125
24.5
19.9375
15.125
10.25
5.3125
0.25
-4.875
-10.125
-15.375
-20.8125
-26.1875
-31.4375
-36.875
-42
-47.0625
-51.8125
-56.1875
-60.125
-63.5625
-66.25
-68.375
-69.75
-70.375
100000
100000
100000
100000
100000
100000
100000
100000
100000
100000
100000
100000
100000
100000
100000
100000
100000
100000
100000
100000
100000
100000
100000
100000
100000
100000
100000
100000
100000
100000
100000
100000
100000
100000
100000
100000
100000
100000
100000
100000
100000
100000
100000
100000
100000
100000
100000
100000
100000
100000
100000
100000
100000
100000
100000
100000
100000
100000
100000
100000
100000
100000
100000
100000
100000
100000
100000
100000
100000
100000
100000
100000
100000
100000
100000
100000
100000
100000
100000
100000
100000
100000
100000
100000
100000
100000
100000
100000
100000
100000
100000
100000
100000
100000
100000
100000
100000
100000
100000
100000
100000
100000
100000
100000
100000
100000
100000
100000
100000
100000
100000
100000
100000
100000
100000
100000
100000
100000
100000
100000
100000
100000
100000
100000
100000
100000
100000
100000
100000
100000
100000
100000
100000
100000
100000
100000
100000
100000
100000
100000
100000
100000
100000
100000
100000
100000
100000
100000
100000
100000
100000
100000
100000
100000
100000
100000
100000
100000
100000
100000
100000
100000
100000
100000
100000
100000
100000
100000
100000
100000
100000
100000
100000
100000
100000
100000
100000
100000
100000
100000
100000
100000
100000
100000
100000
100000
100000
100000
100000
100000
100000
100000
100000
100000
100000
100000
100000
100000
100000
100000
100000
100000
100000
100000
100000
100000
100000
100000
100000
100000
100000
100000
100000
100000
100000
100000
100000
100000
100000
100000
100000
100000
100000
100000
100000
100000
100000
100000
100000
100000
100000
100000
100000
100000
100000
100000
100000
100000
100000
100000
100000
100000
100000
100000
100000
100000
100000
100000
100000
100000
100000
100000
100000
100000
100000
100000
100000
100000
100000
100000
100000
100000
100000
100000
100000
100000
100000
100000
100000
100000
100000
100000
100000
100000
100000
100000
100000
100000
100000
100000
100000
100000
100000
100000
100000
100000
100000
100000
100000
100000
100000
100000
100000
100000
100000
100000
100000
100000
100000
100000
100000
100000
100000
100000
100000
100000
100000
100000
100000
100000
100000
100000
100000
100000
100000
100000
100000
100000
100000
100000
100000
100000
100000
100000
100000
100000
100000
100000
100000
100000
100000
100000
100000
100000
100000
100000
100000
100000
100000
100000
100000
100000
100000
100000
100000
100000
100000
100000
100000
100000
