15
15.0625
15.125
15.25
15.375
15.4375
15.625
15.75
15.9375
16.0625
16.3125
16.5625
16.75
17
17.3125
17.5625
17.8125
18.125
18.4375
18.75
19.0625
19.375
19.6875
20
20.375
20.6875
21
21.375
21.75
22.0625
22.4375
22.875
23.25
23.625
24
24.4375
24.8125
25.1875
25.5625
26
26.375
26.75
27.0625
27.4375
27.8125
28.125
28.4375
28.75
29.0625
29.3125
29.625
29.8125
30.0625
30.3125
30.5
30.6875
30.8125
31
31.0625
31.1875
31.25
31.3125
31.375
31.375
31.375
31.375
31.3125
31.25
31.25
31.125
31.0625
31
30.875
30.75
30.625
30.5625
30.4375
30.375
30.25
30.125
30.0625
29.9375
29.875
29.8125
29.75
29.6875
29.6875
29.5625
29.5625
29.5625
29.5625
29.5625
29.5625
29.625
29.625
29.6875
29.6875
29.75
29.8125
29.875
29.9375
30
30.0625
30.125
30.1875
30.25
30.3125
30.3125
30.4375
30.4375
30.5
30.5
30.5625
30.5625
30.5625
30.625
30.625
30.625
30.625
30.625
30.5625
30.625
30.5625
30.5625
30.5
30.5625
30.5
30.5
30.5
30.5
30.5
30.4375
30.5
30.4375
30.5
30.4375
30.5
30.5
30.5
30.5
30.5625
30.5625
30.5625
30.5625
30.625
30.625
30.6875
30.6875
30.6875
30.75
30.75
30.8125
30.8125
30.875
30.875
30.875
30.875
30.9375
30.875
30.9375
30.9375
30.9375
30.9375
30.9375
31
31
31
31
31.0625
31
31.0625
31.0625
31.0625
31.0625
31.125
31.0625
31.125
31.125
31.125
31.125
31.1875
31.1875
31.1875
31.1875
31.1875
31.25
31.25
31.3125
31.3125
31.375
31.375
31.4375
31.4375
31.5
31.5
31.5625
31.5625
31.625
31.625
31.6875
31.6875
31.75
31.8125
31.8125
31.875
32
32
32.0625
32.0625
32.1875
32.25
32.25
32.375
32.375
32.375
32.5
32.625
32.625
32.625
32.75
32.875
32.875
33
33
33.0625
33.1875
33.3125
33.3125
33.3125
33.4375
33.5625
33.625
33.75
33.75
33.75
33.875
34
34
34
34.125
34.25
34.3125
34.375
34.375
34.375
34.5
34.625
34.625
34.625
34.6875
34.8125
34.8125
34.875
34.875
34.9375
35
35.0625
35.0625
35.0625
35.125
35.1875
35.25
35.3125
35.3125
35.3125
35.4375
35.4375
35.5
35.5
35.5625
35.625
35.6875
35.6875
35.6875
35.75
35.8125
35.875
35.9375
35.9375
36
36.125
36.125
36.1875
36.1875
36.25
36.375
36.375
36.4375
36.5
36.5625
36.625
36.6875
36.75
36.8125
36.8125
36.9375
37
37.0625
37.125
37.1875
37.25
37.375
37.375
37.5
37.5
37.5625
37.625
37.75
37.6875
37.8125
37.8125
37.9375
37.9375
38.0625
38.0625
38.1875
38.25
38.25
38.25
38.375
38.4375
38.4375
38.5625
38.5625
38.5625
38.625
38.6875
38.6875
38.6875
38.8125
38.8125
38.875
38.875
38.9375
38.9375
39
39
39.0625
39.0625
39.1875
39.125
39.1875
39.1875
39.1875
39.3125
39.375
39.3125
39.4375
39.4375
39.4375
39.5
39.5625
39.5625
39.5625
39.625
39.6875
39.75
39.75
39.75
39.875
39.9375
39.9375
40
100000
100000
100000
100000
100000
100000
100000
100000
100000
100000
100000
100000
100000
100000
100000
100000
100000
100000
100000
100000
100000
100000
100000
100000
100000
100000
100000
100000
100000
100000
100000
100000
100000
100000
100000
100000
100000
100000
100000
100000
100000
100000
100000
100000
100000
100000
100000
100000
100000
100000
100000
100000
100000
100000
100000
100000
100000
100000
100000
100000
100000
100000
100000
100000
100000
100000
100000
100000
100000
100000
100000
100000
100000
100000
100000
100000
100000
100000
100000
100000
100000
100000
100000
100000
100000
100000
100000
100000
100000
100000
100000
100000
100000
100000
100000
100000
100000
100000
100000
100000
100000
100000
100000
100000
100000
100000
100000
100000
100000
100000
100000
100000
100000
100000
100000
100000
100000
100000
100000
100000
100000
100000
100000
100000
100000
100000
100000
100000
100000
100000
100000
100000
100000
100000
100000
100000
100000
