29.1875
29.1875
29.1875
29.1875
29.1875
29.1875
29.1875
29.1875
29.1875
29.1875
29.1875
29.1875
29.1875
29.1875
29.25
29.375
29.375
29.375
29.5
29.625
29.6875
29.8125
29.8125
29.875
30.0625
30.1875
30.3125
30.3125
30.5
30.6875
30.8125
31.0625
31.0625
31.3125
32
32.4375
33
33
33.625
35.125
36
36.9375
36.9375
39.125
40.375
41.625
42.9375
42.9375
45.8125
47.25
48.75
50.25
50.25
51.8125
54.875
56.3125
57.75
57.75
60.1875
61.1875
62.0625
62.6875
62.6875
63.1875
63.5
63.375
63.125
63.125
62.75
61.6875
61.125
60.5625
60.5625
60.0625
59.25
58.9375
58.6875
58.6875
58.5625
58.5625
58.625
58.8125
58.8125
59.0625
59.625
59.9375
60.1875
60.1875
60.5
60.875
61
61
61
61
60.75
60.625
60.4375
60.4375
60.1875
59.8125
59.6875
59.5625
59.5625
59.5
59.5
59.625
59.6875
59.6875
59.875
60.125
60.3125
60.375
60.375
60.4375
60.5625
60.5
60.4375
60.4375
60.3125
60.0625
59.9375
59.875
59.875
59.75
59.6875
59.6875
59.75
59.75
59.875
60.0625
60.125
60.125
60.25
60.3125
60.4375
60.4375
60.4375
60.4375
60.375
60.3125
60.1875
60.125
60.0625
59.9375
59.875
59.875
59.875
59.875
59.9375
59.9375
100000
100000
100000
100000
100000
100000
100000
100000
100000
100000
100000
100000
100000
100000
100000
100000
100000
100000
100000
100000
100000
100000
100000
100000
100000
100000
100000
100000
100000
100000
100000
100000
100000
100000
100000
100000
100000
100000
100000
100000
100000
100000
100000
100000
100000
100000
100000
100000
100000
100000
100000
100000
100000
100000
100000
100000
100000
100000
100000
100000
100000
100000
100000
100000
100000
100000
100000
100000
100000
100000
100000
100000
100000
100000
100000
100000
100000
100000
100000
100000
100000
100000
100000
100000
100000
100000
100000
100000
100000
100000
100000
100000
100000
100000
100000
100000
100000
100000
100000
100000
100000
100000
100000
100000
100000
100000
100000
100000
100000
100000
100000
100000
100000
100000
100000
100000
100000
100000
100000
100000
100000
100000
100000
100000
100000
100000
100000
100000
100000
100000
100000
100000
100000
100000
100000
100000
100000
100000
100000
100000
100000
100000
100000
100000
100000
100000
100000
100000
100000
100000
100000
100000
100000
100000
100000
100000
100000
100000
100000
100000
100000
100000
100000
100000
100000
100000
100000
100000
100000
100000
100000
100000
100000
100000
100000
100000
100000
100000
100000
100000
100000
100000
100000
100000
100000
100000
100000
100000
100000
100000
100000
100000
100000
100000
100000
100000
100000
100000
100000
100000
100000
100000
100000
100000
100000
100000
100000
100000
100000
100000
100000
100000
100000
100000
100000
100000
100000
100000
100000
100000
100000
100000
100000
100000
100000
100000
100000
100000
100000
100000
100000
100000
100000
100000
100000
100000
100000
100000
100000
100000
100000
100000
100000
100000
100000
100000
100000
100000
100000
100000
100000
100000
100000
100000
100000
100000
100000
100000
100000
100000
100000
100000
100000
100000
100000
100000
100000
100000
100000
100000
100000
100000
100000
100000
100000
100000
100000
100000
100000
100000
100000
100000
100000
100000
100000
100000
100000
100000
100000
100000
100000
100000
100000
100000
100000
100000
100000
100000
100000
100000
100000
100000
100000
100000
100000
100000
100000
100000
100000
100000
100000
100000
100000
100000
100000
100000
100000
100000
100000
100000
100000
100000
100000
100000
100000
100000
100000
100000
100000
100000
100000
100000
100000
100000
100000
100000
100000
100000
100000
100000
100000
100000
100000
100000
100000
100000
100000
100000
100000
100000
