32.9375
32.9375
32.9375
32.9375
32.9375
32.9375
32.875
32.875
32.875
32.875
32.875
32.875
32.875
32.875
32.875
32.875
32.875
32.875
32.8125
32.8125
32.8125
32.8125
32.8125
32.8125
32.8125
32.8125
32.8125
32.8125
32.8125
32.8125
32.8125
32.8125
32.8125
32.875
32.875
32.875
32.9375
33
33
33.0625
33.0625
33.1875
33.1875
33.25
33.3125
33.375
33.4375
33.5
33.5625
33.625
33.6875
33.75
33.8125
33.875
33.875
34
34
34.0625
34.125
34.125
34.1875
34.1875
34.1875
34.1875
34.25
34.25
34.25
34.25
34.25
34.25
34.25
34.25
34.25
34.25
34.25
34.3125
34.25
34.25
34.25
34.25
34.25
34.25
34.25
34.25
34.3125
34.3125
34.3125
34.3125
34.375
34.375
34.4375
34.4375
34.5
34.5
34.5
34.5625
34.5625
34.625
34.625
34.6875
34.6875
34.75
34.75
34.8125
34.8125
34.875
34.9375
34.9375
35
35
35.0625
35.0625
35.125
35.125
35.25
35.1875
35.3125
35.3125
35.375
35.375
35.4375
35.4375
35.5
35.5
35.5625
35.5625
35.625
35.6875
35.6875
35.75
35.75
35.8125
35.8125
35.875
35.875
35.9375
35.9375
36
36
36.0625
36.0625
36.0625
36.125
36.125
36.1875
36.125
36.1875
36.1875
36.25
36.25
36.25
36.25
36.3125
36.3125
36.3125
36.3125
36.375
36.375
36.375
36.375
36.375
36.4375
36.4375
36.5
36.5
36.5
36.5
36.5625
36.5625
36.625
36.625
36.6875
36.6875
36.75
36.75
36.8125
36.8125
36.875
36.875
37
37
37.0625
37.125
37.125
37.1875
37.1875
37.25
37.3125
37.375
37.4375
37.4375
37.5
37.5625
37.5625
37.625
37.625
37.625
37.6875
37.75
37.75
37.75
37.8125
37.875
37.875
37.9375
37.9375
37.875
37.9375
38
37.9375
37.9375
38
38
38
38.0625
38.0625
38
38
38.0625
38.0625
38.0625
38.125
38.125
38.0625
38.125
38.125
38.125
38.125
38.25
38.1875
38.1875
38.25
38.3125
38.3125
38.375
38.375
38.375
38.4375
38.5
38.5
38.5
38.5625
38.625
38.625
38.6875
38.6875
38.75
38.75
38.8125
38.8125
38.8125
38.875
38.9375
38.9375
39
39
38.9375
39
39.0625
39.0625
39.0625
39.125
39.1875
39.125
39.25
39.25
39.1875
39.3125
39.3125
39.375
39.375
39.4375
39.375
39.5
39.5
39.5625
39.5625
39.625
39.625
39.6875
39.6875
39.75
39.8125
39.8125
39.875
39.9375
39.9375
40
100000
100000
100000
100000
100000
100000
100000
100000
100000
100000
100000
100000
100000
100000
100000
100000
100000
100000
100000
100000
100000
100000
100000
100000
100000
100000
100000
100000
100000
100000
100000
100000
100000
100000
100000
100000
100000
100000
100000
100000
100000
100000
100000
100000
100000
100000
100000
100000
100000
100000
100000
100000
100000
100000
100000
100000
100000
100000
100000
100000
100000
100000
100000
100000
100000
100000
100000
100000
100000
100000
100000
100000
100000
100000
100000
100000
100000
100000
100000
100000
100000
100000
100000
100000
100000
100000
100000
100000
100000
100000
100000
100000
100000
100000
100000
100000
100000
100000
100000
100000
100000
100000
100000
100000
100000
100000
100000
100000
100000
100000
100000
100000
100000
100000
100000
100000
100000
100000
100000
100000
100000
100000
100000
100000
100000
100000
100000
100000
100000
100000
100000
100000
100000
100000
100000
100000
100000
100000
100000
100000
100000
100000
100000
100000
100000
100000
100000
100000
100000
100000
100000
100000
100000
100000
100000
100000
100000
100000
100000
100000
100000
100000
100000
100000
100000
100000
100000
100000
100000
100000
100000
100000
100000
100000
100000
100000
100000
100000
100000
100000
100000
100000
100000
100000
100000
100000
100000
100000
100000
100000
100000
100000
100000
100000
100000
100000
100000
100000
100000
100000
100000
100000
100000
100000
100000
100000
100000
100000
100000
100000
100000
100000
