13.6875
13.1875
12.75
12.1875
11.6875
11.0625
10.375
9.5625
8.75
7.875
6.9375
5.9375
5
4.0625
3.125
2.1875
1.375
0.625
0
-0.4375
-0.8125
-1.1875
-1.25
-1.1875
-1.1875
-1
-0.5
-0.25
0
0
0.4375
0.625
0.75
0.8125
0.8125
0.75
0.625
0.5
0.375
0.375
0.125
-0.1875
-0.375
-0.5
-0.5
-0.625
-0.8125
-0.75
-0.6875
-0.6875
-0.625
-0.4375
-0.25
-0.0625
-0.0625
0.4375
0.6875
1.0625
1.375
1.375
1.75
2.5625
3
3.4375
3.4375
3.9375
4.9375
5.4375
6
6
6.5625
7.75
8.3125
8.9375
8.9375
9.5625
10.875
11.5
12.1875
12.1875
12.8125
14.1875
14.875
15.5625
15.5625
16.1875
17.5625
18.3125
19
19
19.6875
21.0625
21.75
22.4375
22.4375
23.125
24.5
25.125
25.8125
25.8125
26.4375
27.6875
28.25
28.8125
28.8125
29.375
30.4375
30.4375
30.9375
31.375
31.8125
32.25
32.625
33
33.3125
33.625
33.875
34.125
34.25
34.4375
34.5625
34.6875
34.6875
34.75
34.75
34.6875
34.6875
34.5
34.4375
34.3125
34.1875
34
33.8125
33.6875
33.5
33.375
33.125
33
32.8125
32.625
32.5
32.3125
32.1875
32.0625
31.9375
31.875
31.75
31.6875
31.625
31.5625
31.5625
31.5
31.5625
31.5625
31.5625
31.625
31.6875
31.8125
31.8125
31.9375
32
32.125
32.25
32.3125
32.4375
32.5625
32.6875
32.75
32.875
32.9375
33
33.0625
33.1875
33.1875
33.25
33.25
33.3125
33.3125
33.3125
33.3125
33.3125
33.3125
33.25
33.25
33.1875
33.125
33.0625
33.0625
33
33
32.9375
32.9375
32.9375
32.9375
32.9375
32.9375
33
32.9375
33
33
33.0625
33.125
33.125
33.1875
33.25
33.3125
33.3125
33.375
33.4375
33.5
33.5
33.5625
33.5625
33.625
33.625
33.6875
33.625
33.6875
33.6875
33.6875
33.6875
33.6875
33.6875
33.6875
33.6875
33.625
33.6875
33.625
33.625
33.625
33.625
33.625
33.625
33.625
33.625
33.625
33.6875
33.625
33.6875
33.6875
33.6875
33.75
33.75
33.75
33.75
33.8125
33.8125
33.8125
33.8125
33.875
33.8125
33.875
33.875
33.875
33.875
33.875
33.875
33.9375
33.875
33.9375
33.875
33.9375
33.9375
33.9375
33.9375
34
34
34
34
34.0625
34.0625
34.0625
34.0625
34.125
34.125
34.125
34.1875
34.1875
34.25
34.25
34.3125
34.3125
34.375
34.375
34.4375
34.5625
34.625
34.625
34.75
34.6875
34.8125
34.8125
34.875
34.875
34.9375
34.9375
35.0625
35
35.125
35.125
35.1875
35.1875
35.25
35.25
35.3125
35.3125
35.375
35.375
35.375
35.4375
35.5
35.5
35.5625
35.5625
35.5625
35.5625
35.625
35.625
35.625
35.6875
35.75
35.75
35.8125
35.8125
35.8125
35.875
35.9375
35.9375
35.9375
36.0625
36.125
36.125
36.1875
36.1875
36.25
36.3125
36.4375
36.4375
36.4375
36.5
36.625
36.6875
36.6875
36.75
36.75
36.875
36.875
37
37
37.125
37.125
37.25
37.25
37.375
37.375
37.5
37.5
37.5625
37.5625
37.6875
37.6875
37.8125
37.8125
37.9375
37.9375
38
38
38.125
38.125
38.1875
38.1875
38.25
38.25
38.375
38.375
38.4375
38.4375
38.5
38.5
38.5625
38.625
38.625
38.6875
38.6875
38.75
38.75
38.8125
38.8125
38.9375
38.875
39
38.9375
39.0625
39.0625
39.125
39.125
39.25
39.1875
39.3125
39.3125
39.4375
39.4375
39.5
39.5
39.5625
39.625
39.6875
39.75
39.75
39.8125
39.875
39.9375
39.9375
40.0625
100000
100000
100000
100000
100000
100000
100000
100000
100000
100000
100000
100000
100000
100000
100000
100000
100000
100000
100000
100000
100000
100000
100000
100000
100000
100000
100000
100000
100000
100000
100000
100000
100000
100000
100000
100000
100000
100000
100000
100000
100000
100000
100000
100000
100000
100000
100000
100000
100000
100000
100000
100000
100000
100000
100000
100000
100000
100000
100000
100000
100000
100000
100000
100000
100000
100000
100000
100000
100000
100000
100000
100000
100000
100000
100000
100000
100000
100000
100000
100000
100000
100000
100000
100000
100000
100000
