35.0625
35
35
35
35
35
35
35
35
35
35
35
35
35
35.0625
35.125
35.125
35.1875
35.25
35.375
35.4375
35.5
35.625
35.6875
35.8125
35.9375
36
36.125
36.25
36.4375
36.625
36.8125
37.125
37.5
37.9375
38.4375
39.125
39.8125
40.6875
41.6875
42.75
44
45.3125
46.75
48.25
49.875
51.5
53.1875
54.9375
56.625
58.25
59.75
61.25
62.5
63.5625
64.4375
65.0625
65.4375
65.5625
65.5
65.1875
64.6875
64.0625
63.375
62.6875
62
61.375
60.6875
60.1875
59.6875
59.375
59.125
59
58.9375
59.0625
59.1875
59.4375
59.75
60.125
60.5
60.875
61.25
61.625
61.875
62.125
62.1875
62.25
62.25
62.125
62
61.75
61.5
61.3125
61.0625
60.875
60.6875
60.5625
60.5
60.5
60.5
60.5625
60.6875
60.875
61.0625
61.1875
61.3125
61.5
61.5625
61.625
61.6875
61.625
61.625
61.5
61.375
61.25
61.125
61
60.9375
60.875
60.8125
60.8125
60.8125
60.875
60.875
61
61.125
61.25
61.3125
61.375
61.4375
61.5
61.5
61.4375
61.4375
61.3125
61.25
61.125
61.0625
61
60.9375
60.9375
60.9375
60.9375
61
61.0625
61.0625
61.125
61.25
61.25
61.3125
100000
100000
100000
100000
100000
100000
100000
100000
100000
100000
100000
100000
100000
100000
100000
100000
100000
100000
100000
100000
100000
100000
100000
100000
100000
100000
100000
100000
100000
100000
100000
100000
100000
100000
100000
100000
100000
100000
100000
100000
100000
100000
100000
100000
100000
100000
100000
100000
100000
100000
100000
100000
100000
100000
100000
100000
100000
100000
100000
100000
100000
100000
100000
100000
100000
100000
100000
100000
100000
100000
100000
100000
100000
100000
100000
100000
100000
100000
100000
100000
100000
100000
100000
100000
100000
100000
100000
100000
100000
100000
100000
100000
100000
100000
100000
100000
100000
100000
100000
100000
100000
100000
100000
100000
100000
100000
100000
100000
100000
100000
100000
100000
100000
100000
100000
100000
100000
100000
100000
100000
100000
100000
100000
100000
100000
100000
100000
100000
100000
100000
100000
100000
100000
100000
100000
100000
100000
100000
100000
100000
100000
100000
100000
100000
100000
100000
100000
100000
100000
100000
100000
100000
100000
100000
100000
100000
100000
100000
100000
100000
100000
100000
100000
100000
100000
100000
100000
100000
100000
100000
100000
100000
100000
100000
100000
100000
100000
100000
100000
100000
100000
100000
100000
100000
100000
100000
100000
100000
100000
100000
100000
100000
100000
100000
100000
100000
100000
100000
100000
100000
100000
100000
100000
100000
100000
100000
100000
100000
100000
100000
100000
100000
100000
100000
100000
100000
100000
100000
100000
100000
100000
100000
100000
100000
100000
100000
100000
100000
100000
100000
100000
100000
100000
100000
100000
100000
100000
100000
100000
100000
100000
100000
100000
100000
100000
100000
100000
100000
100000
100000
100000
100000
100000
100000
100000
100000
100000
100000
100000
100000
100000
100000
100000
100000
100000
100000
100000
100000
100000
100000
100000
100000
100000
100000
100000
100000
100000
100000
100000
100000
100000
100000
100000
100000
100000
100000
100000
100000
100000
100000
100000
100000
100000
100000
100000
100000
100000
100000
100000
100000
100000
100000
100000
100000
100000
100000
100000
100000
100000
100000
100000
100000
100000
100000
100000
100000
100000
100000
100000
100000
100000
100000
100000
100000
100000
100000
100000
100000
100000
100000
100000
100000
100000
100000
100000
100000
100000
100000
100000
100000
100000
100000
100000
100000
100000
100000
100000
100000
100000
100000
