36.3125
36.3125
36.3125
36.3125
36.3125
36.25
36.25
36.25
36.25
36.25
36.25
36.25
36.3125
36.3125
36.3125
36.375
36.375
36.375
36.4375
36.4375
36.4375
36.4375
36.4375
36.4375
36.4375
36.4375
36.5
36.5
36.5
36.5
36.625
36.6875
36.8125
37
37.1875
37.4375
37.6875
38.0625
38.375
38.8125
39.25
39.6875
40.25
40.75
41.3125
41.9375
42.5625
43.25
43.8125
44.5625
45.1875
45.875
46.5
47.1875
47.8125
48.4375
49
49.5625
50.0625
50.5
50.9375
51.25
51.5625
51.8125
52
52.125
52.125
52.125
52.125
52
51.875
51.6875
51.5625
51.375
51.1875
51.0625
50.875
50.75
50.75
50.5625
50.5625
50.5
50.5
50.5
50.625
50.6875
50.8125
50.875
50.875
51
51.1875
51.25
51.375
51.375
51.375
51.4375
51.375
51.3125
51.3125
51.25
51.125
51
50.9375
50.9375
50.875
50.75
50.75
50.75
50.75
50.75
50.8125
50.8125
50.875
50.875
50.9375
51
51.0625
51.125
51.125
51.125
51.125
51.125
51.125
51.125
51.0625
50.9375
50.9375
50.875
50.875
50.8125
50.75
50.75
50.6875
50.6875
50.6875
50.6875
50.75
50.75
50.75
50.8125
50.875
50.875
50.875
50.875
50.9375
50.9375
50.9375
50.9375
50.9375
50.875
100000
100000
100000
100000
100000
100000
100000
100000
100000
100000
100000
100000
100000
100000
100000
100000
100000
100000
100000
100000
100000
100000
100000
100000
100000
100000
100000
100000
100000
100000
100000
100000
100000
100000
100000
100000
100000
100000
100000
100000
100000
100000
100000
100000
100000
100000
100000
100000
100000
100000
100000
100000
100000
100000
100000
100000
100000
100000
100000
100000
100000
100000
100000
100000
100000
100000
100000
100000
100000
100000
100000
100000
100000
100000
100000
100000
100000
100000
100000
100000
100000
100000
100000
100000
100000
100000
100000
100000
100000
100000
100000
100000
100000
100000
100000
100000
100000
100000
100000
100000
100000
100000
100000
100000
100000
100000
100000
100000
100000
100000
100000
100000
100000
100000
100000
100000
100000
100000
100000
100000
100000
100000
100000
100000
100000
100000
100000
100000
100000
100000
100000
100000
100000
100000
100000
100000
100000
100000
100000
100000
100000
100000
100000
100000
100000
100000
100000
100000
100000
100000
100000
100000
100000
100000
100000
100000
100000
100000
100000
100000
100000
100000
100000
100000
100000
100000
100000
100000
100000
100000
100000
100000
100000
100000
100000
100000
100000
100000
100000
100000
100000
100000
100000
100000
100000
100000
100000
100000
100000
100000
100000
100000
100000
100000
100000
100000
100000
100000
100000
100000
100000
100000
100000
100000
100000
100000
100000
100000
100000
100000
100000
100000
100000
100000
100000
100000
100000
100000
100000
100000
100000
100000
100000
100000
100000
100000
100000
100000
100000
100000
100000
100000
100000
100000
100000
100000
100000
100000
100000
100000
100000
100000
100000
100000
100000
100000
100000
100000
100000
100000
100000
100000
100000
100000
100000
100000
100000
100000
100000
100000
100000
100000
100000
100000
100000
100000
100000
100000
100000
100000
100000
100000
100000
100000
100000
100000
100000
100000
100000
100000
100000
100000
100000
100000
100000
100000
100000
100000
100000
100000
100000
100000
100000
100000
100000
100000
100000
100000
100000
100000
100000
100000
100000
100000
100000
100000
100000
100000
100000
100000
100000
100000
100000
100000
100000
100000
100000
100000
100000
100000
100000
100000
100000
100000
100000
100000
100000
100000
100000
100000
100000
100000
100000
100000
100000
100000
100000
100000
100000
100000
100000
100000
100000
100000
100000
100000
100000
100000
100000
100000
