36.4375
36.4375
36.4375
36.4375
36.4375
36.4375
36.4375
36.4375
36.4375
36.4375
36.4375
36.4375
36.4375
36.4375
36.4375
36.375
36.375
36.375
36.25
36.25
36.125
36.125
36
35.875
35.75
35.625
35.625
35.5
35.125
35
34.75
34.5625
33.9375
33.5625
33.125
33.125
32.5625
31.125
30.25
29.1875
29.1875
28
25.0625
23.375
21.5
21.5
19.375
30.6875
12.0625
9.25
9.25
6.25
15.8125
-3.625
-7.3125
-7.3125
-11
-2.75
-22.75
-26.6875
-26.6875
-30.6875
-34.6875
-38.5625
-42.3125
-45.9375
-49.25
-52.1875
-54.8125
-56.9375
-58.5625
-59.5625
-60.0625
-59.875
-59.25
-58.0625
-56.4375
-54.375
-52.0625
-49.375
-46.375
-43.125
-39.625
-35.875
-31.875
-27.625
-23.125
-18.5
-13.5625
-8.5
-3.0625
2.25
8.0625
13.875
19.9375
26
32.1875
38.4375
44.625
50.625
56.4375
61.8125
66.8125
71.0625
74.625
77.0625
78.625
79.1875
78.8125
77.625
75.6875
73.1875
70.25
66.875
63.375
59.625
55.75
51.6875
47.625
43.3125
39
34.5
30
25.25
20.5
15.625
10.5625
5.4375
0.125
-5.1875
-10.625
-16.1875
-21.8125
-27.4375
-33
-38.6875
-44.125
-49.375
-54.375
-58.875
-62.875
-66.1875
-68.75
-70.5
-71.4375
-71.5625
-70.8125
-69.375
-67.25
-64.5
100000
100000
100000
100000
100000
100000
100000
100000
100000
100000
100000
100000
100000
100000
100000
100000
100000
100000
100000
100000
100000
100000
100000
100000
100000
100000
100000
100000
100000
100000
100000
100000
100000
100000
100000
100000
100000
100000
100000
100000
100000
100000
100000
100000
100000
100000
100000
100000
100000
100000
100000
100000
100000
100000
100000
100000
100000
100000
100000
100000
100000
100000
100000
100000
100000
100000
100000
100000
100000
100000
100000
100000
100000
100000
100000
100000
100000
100000
100000
100000
100000
100000
100000
100000
100000
100000
100000
100000
100000
100000
100000
100000
100000
100000
100000
100000
100000
100000
100000
100000
100000
100000
100000
100000
100000
100000
100000
100000
100000
100000
100000
100000
100000
100000
100000
100000
100000
100000
100000
100000
100000
100000
100000
100000
100000
100000
100000
100000
100000
100000
100000
100000
100000
100000
100000
100000
100000
100000
100000
100000
100000
100000
100000
100000
100000
100000
100000
100000
100000
100000
100000
100000
100000
100000
100000
100000
100000
100000
100000
100000
100000
100000
100000
100000
100000
100000
100000
100000
100000
100000
100000
100000
100000
100000
100000
100000
100000
100000
100000
100000
100000
100000
100000
100000
100000
100000
100000
100000
100000
100000
100000
100000
100000
100000
100000
100000
100000
100000
100000
100000
100000
100000
100000
100000
100000
100000
100000
100000
100000
100000
100000
100000
100000
100000
100000
100000
100000
100000
100000
100000
100000
100000
100000
100000
100000
100000
100000
100000
100000
100000
100000
100000
100000
100000
100000
100000
100000
100000
100000
100000
100000
100000
100000
100000
100000
100000
100000
100000
100000
100000
100000
100000
100000
100000
100000
100000
100000
100000
100000
100000
100000
100000
100000
100000
100000
100000
100000
100000
100000
100000
100000
100000
100000
100000
100000
100000
100000
100000
100000
100000
100000
100000
100000
100000
100000
100000
100000
100000
100000
100000
100000
100000
100000
100000
100000
100000
100000
100000
100000
100000
100000
100000
100000
100000
100000
100000
100000
100000
100000
100000
100000
100000
100000
100000
100000
100000
100000
100000
100000
100000
100000
100000
100000
100000
100000
100000
100000
100000
100000
100000
100000
100000
100000
100000
100000
100000
100000
100000
100000
100000
100000
100000
100000
100000
100000
100000
100000
100000
100000
100000
