22.3125
22.3125
22.3125
22.3125
22.3125
22.3125
22.3125
22.3125
22.3125
22.3125
22.3125
22.3125
22.3125
22.3125
22.25
22.25
22.1875
22.1875
22.1875
22.125
22.125
22.0625
22.0625
22
22
22
21.9375
21.9375
21.9375
21.875
21.875
21.875
21.875
21.875
21.8125
21.8125
21.8125
21.75
21.75
21.75
21.75
21.75
21.75
21.8125
21.8125
21.875
21.9375
21.9375
22.0625
22.125
22.1875
22.25
22.375
22.5
22.5625
22.6875
22.8125
22.9375
23
23.125
23.25
23.375
23.5
23.625
23.75
23.875
24
24.0625
24.1875
24.3125
24.375
24.5625
24.6875
24.8125
24.875
25
25.0625
25.125
25.25
25.3125
25.375
25.4375
25.5
25.5
25.5625
25.625
25.625
25.6875
25.75
25.75
25.8125
25.8125
25.875
25.875
25.9375
25.875
25.9375
25.9375
25.9375
26
25.9375
26
26
26
26
26
26
26
26
26
26
26.0625
26.0625
26.0625
26.0625
26.0625
26.125
26.125
26.1875
26.125
26.1875
26.1875
26.25
26.25
26.3125
26.3125
26.3125
26.375
26.375
26.4375
26.4375
26.5
26.5625
26.625
26.625
26.6875
26.6875
26.75
26.8125
26.8125
26.875
26.9375
27
27
27.0625
27.125
27.1875
27.1875
27.25
27.3125
27.375
27.375
27.5
27.5
27.5625
27.625
27.6875
27.75
27.75
27.875
27.875
28
28
28.0625
28.125
28.1875
28.25
28.3125
28.3125
28.4375
28.5
28.5625
28.625
28.625
28.75
28.75
28.8125
28.875
28.9375
29
29.0625
29.125
29.1875
29.1875
29.3125
29.3125
29.4375
29.4375
29.5
29.5625
29.625
29.6875
29.75
29.8125
29.875
29.875
29.9375
29.9375
30.0625
30.125
30.1875
30.25
30.25
30.375
30.375
30.5
30.5
30.5
30.5625
30.6875
30.6875
30.8125
30.8125
30.8125
30.9375
31
31
31
31.125
31.1875
31.25
31.25
31.25
31.3125
31.4375
31.4375
31.5
31.5
31.5625
31.625
31.75
31.75
31.75
31.8125
31.9375
31.9375
16
32
32.125
32.125
32.1875
32.1875
32.1875
32.3125
32.375
32.375
32.5
32.5
32.5
32.5625
32.6875
32.6875
32.6875
32.75
32.8125
32.875
32.9375
32.9375
32.9375
33
33.0625
33.125
33.125
33.125
33.25
33.25
33.3125
33.3125
33.3125
33.375
33.4375
33.4375
33.5
33.5
33.5625
33.625
33.625
33.6875
33.75
33.75
33.8125
33.875
33.9375
34
34.0625
34.125
34.1875
34.1875
34.25
34.3125
34.375
34.4375
34.5
34.5625
34.625
34.6875
34.75
34.8125
34.875
34.9375
34.9375
35.0625
35.0625
35.125
35.1875
35.25
35.3125
35.375
35.375
35.5
35.5
35.5625
35.625
35.6875
35.6875
35.8125
35.8125
35.875
35.875
36
36
36.0625
36.0625
36.1875
36.125
36.25
36.1875
36.3125
36.25
36.375
36.3125
36.4375
36.375
36.5
36.5
36.5625
36.5
36.625
36.5625
36.6875
36.6875
36.6875
36.75
36.8125
36.8125
36.875
36.875
36.9375
37
37
37.0625
37.0625
37.1875
37.125
37.25
37.25
37.375
37.3125
37.4375
37.4375
37.5
37.5
37.625
37.625
37.6875
37.6875
37.75
37.8125
37.875
37.9375
37.9375
38.0625
38.0625
38.125
38.125
38.25
38.25
38.375
38.3125
38.4375
38.4375
38.5625
38.5625
38.625
38.6875
38.75
38.8125
38.8125
38.9375
38.9375
39
39.0625
39.125
39.125
39.25
39.25
39.375
39.375
39.4375
39.5
39.5625
39.5625
39.625
39.6875
39.6875
39.8125
39.8125
39.875
39.875
40
100000
100000
100000
100000
100000
100000
100000
100000
100000
100000
100000
100000
100000
100000
100000
100000
100000
100000
100000
100000
100000
100000
100000
100000
100000
100000
100000
100000
100000
100000
100000
100000
100000
100000
100000
100000
100000
100000
100000
100000
100000
100000
100000
100000
100000
100000
100000
100000
100000
100000
100000
100000
100000
100000
100000
100000
100000
100000
100000
100000
100000
100000
100000
100000
100000
100000
100000
100000
100000
100000
100000
100000
100000
100000
100000
100000
100000
100000
100000
100000
100000
100000
100000
100000
100000
100000
100000
100000
100000
100000
