31
31
31
31
31
31
31
31
31
31
31
31
31
31
31
30.9375
30.9375
30.875
30.8125
30.75
30.6875
30.625
30.5
30.375
30.25
30.125
30
29.8125
29.625
29.4375
29.1875
28.9375
28.625
28.3125
27.875
27.4375
26.8125
26.1875
25.4375
24.5625
23.5625
22.5
21.25
19.9375
18.375
16.75
15
13.0625
11
8.8125
6.4375
4
1.375
-1.25
-4.125
-7
-10.0625
-13.125
-16.25
-19.4375
-22.625
-25.8125
-29
-32.1875
-35.25
-38.25
-41.125
-43.8125
-46.375
-48.625
-50.625
-52.375
-53.75
-54.75
-55.375
-55.5
-55.3125
-54.625
-53.6875
-52.375
-50.8125
-48.9375
-46.8125
-44.5625
-42
-39.3125
-36.375
-33.25
-30
-26.5625
-22.875
-19.125
-15.125
-10.9375
-6.6875
-2.1875
2.4375
7.1875
12.125
17.1875
22.3125
27.5
32.6875
37.8125
42.9375
47.75
52.5
56.8125
60.8125
64.3125
67.3125
69.625
71.25
72.0625
72.125
71
69.8125
68.0625
65.9375
63.4375
60.375
57.3125
53.9375
50.375
46.5
42.4375
38.3125
33.9375
29.5
24.9375
20.1875
15.5
10.5625
5.5625
0.4375
-4.6875
-9.9375
-15.3125
-20.625
-26
-31.3125
-36.5625
-41.5625
-46.4375
-50.9375
-55
-58.5625
-61.5
-63.75
-65.3125
100000
100000
100000
100000
100000
100000
100000
100000
100000
100000
100000
100000
100000
100000
100000
100000
100000
100000
100000
100000
100000
100000
100000
100000
100000
100000
100000
100000
100000
100000
100000
100000
100000
100000
100000
100000
100000
100000
100000
100000
100000
100000
100000
100000
100000
100000
100000
100000
100000
100000
100000
100000
100000
100000
100000
100000
100000
100000
100000
100000
100000
100000
100000
100000
100000
100000
100000
100000
100000
100000
100000
100000
100000
100000
100000
100000
100000
100000
100000
100000
100000
100000
100000
100000
100000
100000
100000
100000
100000
100000
100000
100000
100000
100000
100000
100000
100000
100000
100000
100000
100000
100000
100000
100000
100000
100000
100000
100000
100000
100000
100000
100000
100000
100000
100000
100000
100000
100000
100000
100000
100000
100000
100000
100000
100000
100000
100000
100000
100000
100000
100000
100000
100000
100000
100000
100000
100000
100000
100000
100000
100000
100000
100000
100000
100000
100000
100000
100000
100000
100000
100000
100000
100000
100000
100000
100000
100000
100000
100000
100000
100000
100000
100000
100000
100000
100000
100000
100000
100000
100000
100000
100000
100000
100000
100000
100000
100000
100000
100000
100000
100000
100000
100000
100000
100000
100000
100000
100000
100000
100000
100000
100000
100000
100000
100000
100000
100000
100000
100000
100000
100000
100000
100000
100000
100000
100000
100000
100000
100000
100000
100000
100000
100000
100000
100000
100000
100000
100000
100000
100000
100000
100000
100000
100000
100000
100000
100000
100000
100000
100000
100000
100000
100000
100000
100000
100000
100000
100000
100000
100000
100000
100000
100000
100000
100000
100000
100000
100000
100000
100000
100000
100000
100000
100000
100000
100000
100000
100000
100000
100000
100000
100000
100000
100000
100000
100000
100000
100000
100000
100000
100000
100000
100000
100000
100000
100000
100000
100000
100000
100000
100000
100000
100000
100000
100000
100000
100000
100000
100000
100000
100000
100000
100000
100000
100000
100000
100000
100000
100000
100000
100000
100000
100000
100000
100000
100000
100000
100000
100000
100000
100000
100000
100000
100000
100000
100000
100000
100000
100000
100000
100000
100000
100000
100000
100000
100000
100000
100000
100000
100000
100000
100000
100000
100000
100000
100000
100000
100000
100000
100000
100000
100000
100000
100000
100000
100000
100000
100000
100000
100000
