16.1875
16.25
16.25
16.3125
16.375
16.5
16.5625
16.625
16.75
16.9375
17.1875
17.4375
17.6875
17.9375
18.25
18.5625
18.8125
19.1875
19.5
19.875
20.1875
20.5625
20.9375
21.25
21.625
22
22.4375
22.6875
23
23.4375
23.875
24.3125
24.8125
25.3125
25.875
26.4375
27.0625
27.6875
28.375
29.0625
29.75
30.5625
31.3125
32.1875
32.9375
33.875
34.75
35.6875
36.5625
37.5625
38.5
39.5
40.4375
41.4375
42.375
43.3125
44.25
45.1875
46.0625
46.875
47.75
48.5
49.25
49.875
50.5625
51.125
51.75
52.25
52.75
53.125
53.5
53.8125
54.0625
54.25
54.4375
54.4375
54.5
54.5
54.375
54.3125
54.125
54
53.8125
53.6875
53.5
53.375
53.25
53.1875
53.0625
53.0625
53
53.0625
53.125
53.1875
53.25
53.3125
53.4375
53.5625
53.625
53.6875
53.75
53.8125
53.8125
53.8125
53.875
53.8125
53.75
53.6875
53.625
53.5625
53.5
53.4375
53.4375
53.3125
53.3125
53.3125
53.3125
53.3125
53.3125
53.375
53.4375
53.4375
53.5
53.5625
53.625
53.625
53.6875
53.6875
53.6875
53.6875
53.6875
53.625
53.625
53.5625
53.5625
53.4375
53.4375
53.4375
53.375
53.375
53.375
53.375
53.375
53.375
53.4375
53.4375
53.5
53.5
53.5625
53.5625
100000
100000
100000
100000
100000
100000
100000
100000
100000
100000
100000
100000
100000
100000
100000
100000
100000
100000
100000
100000
100000
100000
100000
100000
100000
100000
100000
100000
100000
100000
100000
100000
100000
100000
100000
100000
100000
100000
100000
100000
100000
100000
100000
100000
100000
100000
100000
100000
100000
100000
100000
100000
100000
100000
100000
100000
100000
100000
100000
100000
100000
100000
100000
100000
100000
100000
100000
100000
100000
100000
100000
100000
100000
100000
100000
100000
100000
100000
100000
100000
100000
100000
100000
100000
100000
100000
100000
100000
100000
100000
100000
100000
100000
100000
100000
100000
100000
100000
100000
100000
100000
100000
100000
100000
100000
100000
100000
100000
100000
100000
100000
100000
100000
100000
100000
100000
100000
100000
100000
100000
100000
100000
100000
100000
100000
100000
100000
100000
100000
100000
100000
100000
100000
100000
100000
100000
100000
100000
100000
100000
100000
100000
100000
100000
100000
100000
100000
100000
100000
100000
100000
100000
100000
100000
100000
100000
100000
100000
100000
100000
100000
100000
100000
100000
100000
100000
100000
100000
100000
100000
100000
100000
100000
100000
100000
100000
100000
100000
100000
100000
100000
100000
100000
100000
100000
100000
100000
100000
100000
100000
100000
100000
100000
100000
100000
100000
100000
100000
100000
100000
100000
100000
100000
100000
100000
100000
100000
100000
100000
100000
100000
100000
100000
100000
100000
100000
100000
100000
100000
100000
100000
100000
100000
100000
100000
100000
100000
100000
100000
100000
100000
100000
100000
100000
100000
100000
100000
100000
100000
100000
100000
100000
100000
100000
100000
100000
100000
100000
100000
100000
100000
100000
100000
100000
100000
100000
100000
100000
100000
100000
100000
100000
100000
100000
100000
100000
100000
100000
100000
100000
100000
100000
100000
100000
100000
100000
100000
100000
100000
100000
100000
100000
100000
100000
100000
100000
100000
100000
100000
100000
100000
100000
100000
100000
100000
100000
100000
100000
100000
100000
100000
100000
100000
100000
100000
100000
100000
100000
100000
100000
100000
100000
100000
100000
100000
100000
100000
100000
100000
100000
100000
100000
100000
100000
100000
100000
100000
100000
100000
100000
100000
100000
100000
100000
100000
100000
100000
100000
100000
100000
100000
100000
100000
100000
100000
100000
100000
100000
100000
100000
