28.4715
28.4715
28.4715
28.4715
28.4715
28.4715
28.4715
28.4715
28.4715
28.4715
28.4585
28.4671
28.4757
28.4767
28.4612
28.4606
28.4463
28.4296
28.4079
28.3946
28.3662
28.3588
28.345
28.3203
28.29
28.2685
28.2555
28.2403
28.2134
28.1841
28.1679
28.1536
28.1374
28.1084
28.1035
28.1041
28.0961
28.0743
28.0736
28.0732
28.0731
28.0814
28.0899
28.0957
28.0956
28.0952
28.1109
28.1324
28.1407
28.1679
28.1891
28.2045
28.2099
28.2549
28.2767
28.2988
28.3418
28.3788
28.408
28.4427
28.4876
28.5228
28.5526
28.598
28.6409
28.6913
28.7202
28.7628
28.7999
28.8219
28.8572
28.9022
28.9313
28.9528
28.9875
29.0244
29.0384
29.0623
29.0973
29.1184
29.1342
29.1629
29.1765
29.1768
29.1851
29.1986
29.2065
29.1987
29.2061
29.2058
29.1983
29.1852
29.1852
29.1773
29.156
29.1478
29.1419
29.1184
29.0975
29.0841
29.0683
29.0392
29.0177
29.004
28.9747
28.946
28.9224
28.9087
28.8796
28.8582
28.8443
28.8151
28.7942
28.7728
28.7647
28.7435
28.7197
28.7059
28.6922
28.6712
28.6635
28.663
28.6555
28.6555
28.655
28.655
28.6633
28.6712
28.6844
28.6924
28.706
28.7292
28.7503
28.7721
28.7939
28.8228
28.8545
28.8759
28.9083
28.945
28.9768
29.0141
29.0488
29.0859
29.1232
29.1578
29.2023
29.2297
29.2591
29.2958
29.333
29.3289
29.3503
29.4183
29.4398
29.4613
29.4827
29.5062
29.5202
29.5414
29.5622
29.5623
29.5685
29.5759
29.5837
29.5841
29.592
29.5916
29.5893
29.582
29.5683
29.568
29.5528
29.5393
29.5231
29.5017
29.5038
29.4808
29.4434
29.4068
29.3856
29.3874
29.3584
29.2983
29.2691
29.2393
29.2415
29.2147
29.1618
29.1402
29.1092
29.1135
29.0841
29.0369
29.0158
28.9863
28.9885
28.9746
28.936
28.9299
-11.0858
-11.0837
-11.0989
-11.1051
-11.1125
-11.1123
-11.1123
-11.0989
-11.0379
-10.985
-10.9113
-10.9156
-10.836
-10.6091
-10.4791
-10.3258
-10.3364
-10.177
-9.76515
-9.5315
-9.29149
-9.3097
-9.04867
-8.45907
-8.16535
-7.83956
-7.86009
-7.51482
-6.77436
-6.40059
-6.00603
-6.02718
-5.61863
-4.75322
-4.30225
-3.84393
-3.86597
-3.4028
-2.41902
-1.921
-1.41729
-1.43542
-0.909561
0.158825
0.696318
1.24121
1.22539
1.77087
2.91595
3.50141
4.07222
4.06045
4.64674
5.84677
6.43711
7.02764
7.01962
7.63113
8.83784
7.62388
10.0588
10.0539
10.6423
11.8514
12.4534
11.2454
13.0455
13.6406
13.0132
15.3835
15.957
15.9561
16.5159
17.6343
18.1446
16.9057
18.6965
19.1995
18.4093
20.7088
21.1698
21.1697
21.6314
22.5189
22.9384
23.3303
23.3302
23.7284
24.4492
24.792
25.0991
25.0986
25.4063
25.6791
25.9449
26.1761
26.4004
26.6032
26.771
26.9176
27.0646
27.1624
27.2398
27.3029
27.3517
27.3523
27.3454
27.3096
27.2473
27.1626
27.0501
26.9171
26.7568
26.5816
26.3576
26.1269
25.8679
25.5879
25.2661
24.9373
24.5813
24.1965
23.7913
23.3574
22.9034
22.4349
21.9311
21.3931
20.8554
20.2826
19.6885
19.0596
18.4371
17.7668
17.1025
16.3892
15.6759
14.9276
14.1864
13.388
12.6115
11.7848
10.9857
10.1095
9.28187
8.38996
7.5181
6.59704
5.71716
4.76538
3.86246
2.88803
1.97511
0.991806
0.0550861
-0.917572
-1.88441
-2.83187
-3.81737
-4.75298
-5.7348
-6.66042
-7.60158
-8.51023
-9.40488
-10.294
-11.1133
-11.9493
-12.712
-13.4479
-14.1063
-14.7563
-15.3214
-15.8253
-16.2621
-16.6644
-16.9458
-17.2028
-17.3361
-17.4386
-17.4386
-17.3942
-17.2337
-17.0345
-16.7394
-16.3942
-15.9652
-15.4908
-14.9335
-14.3534
-13.7049
-13.0024
-12.2761
-11.4976
-10.6924
-9.85924
-8.9938
-8.10628
-7.19953
-6.27352
-5.32631
-44.3666
-43.3885
-42.4194
-41.4224
-40.398
-39.3835
-38.3504
-37.303
-36.2358
-35.1495
-34.0371
-32.9246
-31.7865
-30.6201
-29.448
-28.2507
-27.0246
-25.8136
-24.5404
-23.2818
-22.0027
-20.6823
-19.3755
-18.0336
-16.6774
-15.3143
-13.9367
-12.5501
-11.1494
-9.74014
-8.29448
-6.90282
-5.45333
-4.01575
-2.57566
-1.13953
0.300175
1.72717
3.15812
4.57121
5.97465
7.37508
8.73524
10.0838
11.4026
12.6879
13.9478
15.1478
16.3368
17.4376
18.5302
19.5248
20.5054
21.3666
22.2211
22.9611
23.6497
24.2389
24.7943
25.218
25.5966
25.8602
26.0709
26.1635
26.2016
26.119
25.9749
25.7302
25.4046
24.9989
24.5048
23.9454
23.298
22.5929
21.7779
20.9498
20.0215
19.0336
18.0157
16.9095
15.7712
14.5916
13.3427
12.0768
10.7659
9.39207
8.02844
6.61218
5.15106
3.67978
2.17587
0.626247
-0.918486
-2.48359
-4.11416
-5.72736
-7.38919
-9.03137
-10.7001
-12.4175
-14.1109
-15.862
-17.5515
-19.354
-21.0726
-22.8486
-24.6102
-26.4009
-28.1516
-29.9678
-31.7018
-33.5292
-35.2351
-37.0623
-38.7674
-40.8888
-40.4145
-44.0606
-45.6492
-47.314
-49.4335
-50.659
-52.0353
-53.5207
-54.9035
-56.9406
-57.6079
-58.7899
-59.6314
-61.4064
-61.3809
-62.1782
-62.7401
-63.0602
-63.3425
-63.5164
-63.5253
-63.4265
-63.1639
-62.7895
-62.2923
-63.8092
-60.8057
-59.2645
-59.1166
-58.075
-58.0755
-56.946
-54.3074
-52.9953
-51.5961
-51.7251
-50.2658
-47.1355
-45.582
-43.9883
-44.0667
-42.4118
-38.9771
-37.2596
-35.5026
-35.538
-33.727
-30.0294
-28.169
-26.2341
-26.2406
-24.3094
-20.3465
-18.3617
-16.3123
-16.3139
-14.2577
-10.0772
-7.97038
-5.83746
-5.86849
-3.73293
0.609324
2.79812
4.95585
4.8513
7.00187
11.4247
13.5932
15.6623
15.4345
17.5065
21.7827
23.7202
25.5735
25.1982
26.9764
30.7475
32.2287
33.6901
33.2056
34.4777
37.1978
38.1789
-1.09053
-1.46002
-0.724709
0.509792
0.682037
0.816269
0.721985
0.732819
0.257931
-0.115952
-0.67894
-0.432507
-1.02512
-2.91706
-3.82981
-4.85973
-4.46385
-5.5736
-8.39582
-9.72752
-11.0953
-10.7163
-12.1404
-15.524
-17.0778
-18.689
-18.4071
-20.0352
-23.6307
-25.3613
-27.0526
-26.8813
-28.6554
-32.3061
-34.0783
-35.8444
-35.7558
-37.5747
-41.2196
-42.9702
-44.819
-44.7834
-46.5365
-50.1331
-51.9223
-53.6757
-53.6699
-55.4048
-58.886
-60.6181
-62.3034
-62.3033
-63.9948
-67.2815
-68.8756
-68.6685
-70.4658
-71.9969
-73.1866
-74.6784
-77.9022
-77.8692
-79.2847
-80.0836
-83.2212
-82.5431
-84.3967
-85.5411
-85.8186
-88.7585
-87.728
-89.6373
-90.4613
-92.0024
-92.601
-91.1076
-93.0837
-93.4992
-94.1149
-94.2596
-94.3255
-94.3178
-94.2008
-93.7861
-93.4679
-93.0197
-93.0621
-92.4642
-91.0957
-92.2322
-89.3453
-89.4124
-88.4076
-87.4149
-86.3872
-85.226
-84.0091
-82.7167
-81.4222
-79.9945
-78.5978
-77.0836
-75.5657
-73.9872
-72.3477
-70.6761
-68.9357
-67.1776
-65.3379
-63.5054
-61.5757
-59.6113
-57.6337
-55.5728
-53.5162
-51.394
-49.2332
-47.042
-44.7975
-42.5393
-40.2447
-37.9139
-35.5606
-33.1774
-30.7804
-28.378
-25.93
-23.5202
-21.1122
-18.6919
-16.3549
-13.9751
-11.6955
-9.31431
-7.27161
-5.11774
-3.08578
-1.15096
0.694008
2.43559
4.03722
5.53281
6.86465
8.05572
9.06747
9.92947
10.6122
11.1183
11.4002
11.5517
11.4883
11.243
10.8165
10.2214
9.43108
8.53374
7.42696
6.24601
4.90914
3.47898
1.92773
0.29874
-1.43393
-3.21569
-5.05677
-6.98837
-8.97456
-10.9781
-13.0507
-15.1499
-17.2691
-19.441
-21.6063
-23.8368
-26.027
-28.2691
-30.5395
-32.7736
-35.0536
-37.3306
-39.6484
-41.8873
-44.2312
-46.4642
-48.8046
-51.0567
-53.3675
-55.6127
-57.9131
-60.1427
-62.4132
-64.6234
-66.8625
-69.0412
-71.2507
-73.3672
-75.5368
-77.6068
-79.7096
-81.7126
-23.7451
-25.6768
-27.5947
-29.4623
-31.23
-32.9672
-34.6336
-36.2019
-37.691
-39.067
-40.3767
-41.5464
-42.5938
-43.5105
-44.3319
-44.9685
-45.5042
-45.8886
-46.1099
-46.2255
-46.1729
-45.9751
-45.6625
-45.1693
-44.5878
-43.864
-43.023
-42.1001
-41.039
-39.9119
-38.7051
-37.4022
-36.069
-34.6544
-33.185
-31.6938
-30.1262
-28.5592
-26.9539
-25.3043
-23.6445
-21.9329
-20.2349
-18.4983
-16.7288
-14.9648
-13.1702
-11.3349
-9.51044
-7.65304
-5.79027
-3.89474
-1.98601
-0.0859238
1.82884
3.80054
5.70968
7.6833
9.63849
11.5904
13.5784
15.5229
17.4982
19.4452
21.4186
23.3558
25.3062
27.2067
29.1426
31.0087
32.8673
34.6994
36.5096
38.2346
39.974
41.5975
43.2366
44.7334
46.222
47.5763
48.9213
50.1042
51.237
52.2399
53.16
53.9656
54.6706
55.2328
55.6929
56.047
56.2523
56.3601
56.3266
56.1869
55.9286
55.5324
55.0475
54.4171
53.6924
52.8742
51.9267
50.9174
49.7889
48.5847
47.3021
45.9277
44.5001
42.9955
41.1658
39.7963
38.1226
36.3851
34.4081
32.787
30.9004
28.9848
27.0337
24.9042
22.9231
20.9072
18.4851
16.6582
14.4447
12.2707
9.99628
7.71196
5.42335
3.06647
0.718092
-1.65813
-4.11798
-6.49729
-8.99065
-11.4546
-13.9426
-16.4177
-18.9649
-18.9636
-21.4628
-26.5368
-29.5586
-31.5175
-31.5166
-36.6903
-38.8001
-41.884
-43.285
-43.285
-45.3079
-49.0341
-51.9445
-52.1251
-52.1251
-53.4468
-55.4514
-56.4012
-56.8766
-56.6644
-56.964
-56.9545
-56.6489
-56.0516
-56.2472
-55.6172
-53.388
-52.2223
-50.8278
-51.2372
-49.7763
-46.061
-44.3019
-42.3875
-42.7409
-40.7588
-36.3397
-34.222
-32.0441
-32.2532
-30.0243
-25.3478
-23.0294
-20.7088
-20.7941
-18.4398
-13.6098
-11.1739
-8.73561
-8.75241
-6.30021
-1.29968
1.21544
3.74695
3.74513
6.27051
11.4172
14.0014
16.5694
16.5181
19.1132
