-4.72593
-4.72593
-4.72593
-4.72593
-4.72593
-4.72593
-4.72593
-4.72593
-4.72566
-4.73267
-4.7328
-4.75389
-4.7538
-4.78197
-4.81
-4.81
-4.85231
-4.91525
-4.9289
-4.97796
-4.97796
-5.03403
-5.12525
-5.17384
-5.23694
-5.23662
-5.29311
-5.40503
-5.48872
-5.55191
-5.55157
-5.6004
-5.74743
-5.82426
-5.87295
-5.87295
-5.92207
-6.04094
-6.09007
-6.13181
-6.13181
-6.16704
-6.22319
-6.23726
-6.2513
-6.25825
-6.25825
-6.24441
-6.22315
-6.23706
-6.23706
-6.20936
-6.14578
-6.12492
-6.08248
-6.08285
-6.05451
-5.97811
-5.92832
-5.8938
-5.8938
-5.85224
-5.78181
-5.74007
-5.68388
-5.68388
-5.66972
-5.59944
-5.57166
-5.55096
-5.55096
-5.5366
-5.50868
-5.51576
-5.5012
-5.501
-5.50134
-5.50133
-5.52959
-5.54328
-5.54327
-5.58535
-5.6066
-5.62723
-5.64827
-5.6478
-5.6764
-5.73191
-5.75323
-5.79506
-5.79506
-5.80856
-5.85794
-5.86426
-5.8922
-5.89207
-5.87757
-5.89841
-5.91292
-5.91284
-5.91297
-5.91363
-5.92099
-5.90641
-5.90628
-5.90635
-5.88484
-5.84195
-5.81391
-5.79274
-5.79249
-5.78572
-5.76486
-5.74369
-5.74383
-5.74396
-5.7298
-5.71606
-5.7089
-5.68098
-5.68098
-5.68111
-5.65988
-5.67378
-5.66675
-5.66663
-5.66664
-5.68741
-5.68741
-5.72256
-5.72269
-5.72956
-5.74393
-5.76476
-5.76435
-5.76416
-5.78574
-5.79943
-5.79243
-5.81342
-5.81366
-5.81328
-5.83434
-5.83432
-5.83406
-5.81984
-5.84862
-5.84816
-5.84148
-5.84167
-5.85576
-5.84128
-5.84167
-5.84153
-5.84128
-5.82712
-5.82737
-5.81315
-5.80589
-5.81257
-5.79853
-5.77029
-5.79152
-5.78456
-5.76392
-5.76416
-5.76396
-5.75034
-5.75046
-5.74337
-5.74312
-5.7297
-5.72927
-5.71567
-5.71548
-5.73672
-5.72204
-5.70834
-5.74308
-5.74308
-5.72893
-5.74332
-5.75013
-5.75054
-5.76469
-5.76488
-5.77144
-5.77197
-5.78593
-5.786
-5.78588
-5.81413
-5.80699
-5.79303
-5.82777
-5.82771
-5.81355
-5.82777
-5.82777
-5.82811
39.1647
39.1648
39.1647
39.165
39.158
39.1723
39.214
39.2631
39.3889
39.5355
39.7385
40.0256
40.3474
40.7534
41.2284
41.7601
42.3609
42.997
43.7443
44.4847
45.3371
46.1462
47.0683
47.9548
48.9262
49.8335
50.783
51.6683
52.6102
53.4607
54.3531
55.1133
55.9373
56.6066
57.3683
57.9472
58.598
59.0795
59.6042
60.0593
60.4587
60.8374
61.0881
61.4166
61.5838
61.8287
61.9395
62.0439
62.1123
62.0962
62.1389
62.0814
61.9953
61.91
61.711
61.5982
61.4429
61.2176
61.0625
60.7663
60.6039
60.3853
60.154
60.0276
59.7533
59.5845
59.4302
59.2471
59.192
59.0164
58.9108
58.842
58.7078
58.7356
58.6594
58.6306
58.6177
58.5329
58.6175
58.6175
58.6381
58.6943
58.6806
58.757
58.8347
58.9186
59.0381
59.0792
59.1912
59.3035
59.4154
59.5844
59.6748
59.7939
59.9066
60.0039
60.1653
60.2572
60.3624
60.4393
60.4662
60.5791
60.6351
60.6842
60.7402
60.7177
60.7459
60.7731
60.7869
60.8218
60.7919
60.778
60.7776
60.7697
60.8053
60.7833
60.7559
60.7488
60.699
60.7216
60.7219
60.6867
60.6728
60.5944
60.5811
60.5812
60.5313
60.5387
60.4597
60.4167
60.4301
60.3802
60.4158
60.3941
60.3448
60.3869
60.3646
60.4217
60.4712
60.4432
60.5219
60.5143
60.5569
60.6552
60.6481
60.6975
60.6961
60.7092
60.8013
60.7788
60.8354
60.8489
60.8126
60.8968
60.8683
60.9326
60.9668
60.9027
60.9944
60.9801
60.9863
61.0715
61
61.0494
61.0417
60.9995
61.084
61.0059
61.0059
60.9916
60.9139
60.9623
60.8779
60.871
60.878
60.7584
60.8019
60.7718
60.7224
60.7579
60.6597
60.6949
60.6943
60.638
60.7296
60.6652
60.6592
60.7163
60.6592
60.7509
60.7084
60.7012
60.7653
60.6935
60.7635
60.7783
60.7497
60.8115
60.7346
60.8118
60.8604
15.8109
15.9241
15.8816
15.9095
15.9878
15.9025
15.9244
15.7342
15.5451
15.2851
14.9636
14.5214
14.053
13.3799
12.7297
11.9221
11.1483
10.205
9.26203
8.16378
7.07661
6.00054
4.77711
3.67452
2.389
1.18102
0.0159195
-1.22074
-2.3171
-3.4838
-4.57613
-5.58942
-6.58866
-7.41357
-8.28942
-9.03626
-9.69511
-10.2727
-10.7352
-11.1277
-11.4117
-11.6283
-11.7307
-11.7313
-11.6691
-11.6683
-11.4994
-10.9871
-10.6048
-10.1833
-10.1866
-9.68788
-8.618
-8.00864
-7.44156
-7.44383
-6.80646
-5.55195
-4.95046
-4.34261
-4.34365
-3.80594
-2.76526
-2.31954
-1.90087
-1.90098
-1.53829
-0.987468
-0.805099
-0.637373
-0.637373
-0.574422
-0.57953
-0.655586
-0.822206
-0.822206
-0.988873
-1.50479
-1.81911
-2.16869
-2.16856
-2.51129
-3.32238
-3.74265
-4.14791
-4.14742
-4.57443
-5.35838
-5.73556
-6.09234
-6.09123
-6.41265
-7.00695
-7.23007
-7.46789
-7.46698
-7.62072
-7.8727
-7.97894
-7.98516
-7.98516
-7.99972
-7.9022
-7.78335
-7.67835
-7.67882
-7.52458
-7.13836
-6.9347
-6.68925
-6.69006
-6.45884
-5.96028
-5.71546
-5.47733
-5.47799
-5.21906
-4.79259
-4.59693
-4.39489
-4.39515
-4.24886
-3.98346
-3.87899
-3.83669
-3.83669
-3.76692
-3.74567
-3.77986
-3.80786
-3.80756
-3.87715
-4.06568
-4.19817
-4.33097
-4.33066
-4.47057
-4.81339
-4.96051
-5.14284
-5.14253
-5.31036
-5.61884
-5.79377
-5.93319
-5.93238
-6.0651
-6.30308
-6.3723
-6.46328
-6.46289
-6.51165
-6.58845
-6.6305
-6.62378
-6.62378
-6.59544
-6.5678
-6.49812
-6.44887
-6.44911
-6.38582
-6.21125
-6.13466
-6.03611
-6.03648
-5.93875
-5.74908
-5.63675
-5.55283
-5.55313
-5.45529
-5.28719
-5.21729
-5.12677
-5.12662
-5.08472
-4.98695
-4.94505
-4.94505
-4.9449
-4.92398
-4.93104
-4.96617
-4.9866
-4.9866
-5.04267
-5.14776
-5.21715
-5.30143
-5.30111
-5.36446
-5.54606
-5.65166
-5.7146
-5.71426
-5.83312
-5.99414
-6.08506
-6.17641
-51.1756
-51.2459
-51.3787
-51.4418
-51.4833
-51.4833
-51.5672
-51.8132
-51.8122
-51.9872
-52.1911
-52.5069
-52.8017
-53.2567
-53.6712
-54.2316
-54.7722
-55.4731
-56.126
-56.9324
-57.6779
-58.5561
-59.3989
-60.3344
-61.2228
-62.1835
-63.116
-64.0222
-65.0354
-65.8443
-66.8194
-67.6027
-68.4659
-69.2937
-69.9673
-70.726
-71.315
-71.947
-72.492
-72.9595
-73.4214
-73.7599
-74.0683
-74.3568
-74.5064
-74.7017
-74.7367
-74.7422
-74.8477
-74.6094
-74.5374
-74.3038
-74.0186
-73.7726
-73.3616
-73.0306
-72.5823
-72.0616
-71.6096
-71.0052
-70.5032
-69.9293
-69.2845
-68.7556
-68.0913
-67.4986
-66.9867
-66.3377
-65.8822
-65.3134
-64.8163
-64.4545
-64.0151
-63.6952
-63.3976
-63.1066
-62.9865
-62.8097
-62.7533
-62.7603
-62.7239
-62.8584
-62.9798
-63.1568
-63.4537
-63.6591
-64.0143
-64.3903
-64.7394
-65.2359
-65.6195
-66.0969
-66.6017
-67.0232
-67.5801
-68.0497
-68.5218
-69.0221
-69.4226
-69.909
-70.3186
-70.6699
-71.0772
-71.3288
-71.6382
-71.8905
-72.042
-72.2721
-72.3007
-72.3646
-72.4221
-72.3356
-72.3217
-72.185
-71.9969
-71.8589
-71.5717
-71.378
-71.1047
-70.7444
-70.4852
-70.0917
-69.7616
-69.4399
-68.9953
-68.6873
-68.2653
-67.8665
-67.5732
-67.1455
-66.8179
-66.4758
-66.0913
-65.8562
-65.5379
-65.296
-65.0823
-64.8261
-64.7132
-64.5576
-64.4504
-64.4505
-64.3584
-64.3939
-64.4585
-64.5159
-64.7072
-64.7926
-64.984
-65.2106
-65.3818
-65.687
-65.936
-66.2062
-66.5198
-66.7689
-67.1188
-67.4395
-67.7031
-68.0471
-68.2959
-68.6036
-68.8982
-69.1116
-69.427
-69.5919
-69.7927
-70.0146
-70.1358
-70.3217
-70.4015
-70.4659
-70.5719
-70.551
-70.5939
-70.5857
-70.4926
-70.4566
-70.3217
-70.2134
-70.105
-69.8758
-69.7338
-69.4968
-69.2681
-69.0811
-68.7882
-68.5594
-68.3015
-68.0022
-67.8024
-67.5167
-67.2882
-67.0747
-66.8109
-66.6465
-66.4616
-66.284
-66.1849
-66.0064
-20.9357
-20.8652
-20.7942
-20.8221
-20.7726
-20.7874
-20.7868
-20.744
-20.7228
-20.6163
-20.5023
-20.2806
-20.0884
-19.7399
-19.4487
-18.9878
-18.5492
-17.9963
-17.4232
-16.8154
-16.1156
-15.4234
-14.6196
-13.8867
-13.0415
-12.274
-11.4099
-10.601
-9.787
-8.97316
-8.23701
-7.4804
-6.75858
-6.13583
-5.47124
-4.96775
-4.4506
-4.01003
-3.65362
-3.30432
-3.08115
-2.92029
-2.79469
-2.77403
-2.75984
-2.823
-2.99079
-3.16537
-3.38903
-3.66184
-3.97626
-4.30513
-4.7039
-5.07463
-5.48786
-5.90799
-6.3281
-6.73394
-7.14054
-7.54689
-7.91142
-8.25677
-8.58445
-8.87869
-9.11714
-9.36961
-9.53935
-9.68657
-9.81855
-9.87456
-9.89628
-9.83973
-9.7838
-9.70009
-9.61587
-9.45453
-9.27778
-9.0954
-8.85775
-8.62642
-8.35289
-8.07821
-7.79793
-7.54002
-7.23856
-6.97951
-6.97951
-6.69949
-6.1679
-5.9366
-5.7273
-5.7273
-7.17498
-5.24452
-5.12515
-5.02058
-5.02058
-4.95066
-4.89412
-4.89431
-4.92921
-4.92921
-4.97807
-5.13197
-5.2368
-5.35613
-5.35555
-5.48853
-5.77646
-5.93038
-6.09813
-6.09775
-6.25221
-6.5604
-6.71426
-6.84761
-6.84719
-6.98692
-7.21863
-7.32348
-7.40735
-7.4069
-7.47072
-7.58289
-7.60421
-7.61782
-7.62478
-7.61093
-7.56867
-7.52692
-7.47794
-7.47794
-7.41477
-7.2467
-7.14864
-7.06425
-7.06425
-6.94526
-6.72754
-6.60879
-6.48968
-6.49008
-6.39197
-6.1822
-6.09752
-6.00011
-6.00048
-5.92369
-5.80443
-5.75553
-5.72721
-5.72756
-5.69227
-5.68499
-5.68526
-5.70642
-5.70642
-5.74117
-5.80429
-5.85333
-5.91627
-5.91591
-5.97245
-6.09125
-6.16854
-6.22451
-6.22413
-6.29434
-6.41358
-6.48347
-6.53243
-6.5325
-6.57431
-6.66534
-6.69344
-6.72109
-6.72095
-6.74221
-6.75575
-6.75575
-6.75626
-6.75626
-6.74169
-6.69303
-6.66482
-6.64389
-6.64375
-6.60903
-6.53165
-6.49731
-6.44789
-6.44796
-6.41292
-6.3362
-6.30759
-6.26571
-6.26585
-6.23784
-6.18823
