-4.45985
-4.45985
-4.45985
-4.45985
-4.45985
-4.46685
-4.46711
-4.46704
-4.48827
-4.46715
-4.50925
-4.48817
-4.48821
-4.51623
-4.5093
-4.48853
-4.54472
-4.53085
-4.52417
-4.52446
-4.53141
-4.5387
-4.51787
-4.50401
-4.50415
-4.48988
-4.46907
-4.45491
-4.44083
-4.41982
-4.3917
-4.41256
-4.43343
-4.45471
-4.56041
-4.60239
-4.74949
-4.91187
-5.07326
-5.30543
-5.52368
-5.81061
-6.09131
-6.42742
-6.78687
-7.14225
-7.54251
-7.94781
-8.38914
-8.84659
-9.30869
-9.77606
-10.266
-10.7504
-11.2813
-11.7745
-12.3157
-12.8495
-13.3776
-13.9646
-14.5008
-15.1001
-15.686
-16.3088
-16.9378
-17.6068
-18.2637
-18.9513
-19.697
-18.531
-21.2535
-21.9833
-22.7237
-23.6922
-23.6519
-24.4879
-26.3645
-27.2378
-28.1677
-28.1074
-29.1405
-31.2107
-32.2315
-33.2919
-33.1893
-34.2041
-36.5247
-37.6467
-38.7891
-38.632
-39.8017
-42.1866
-43.3929
-44.4653
-44.2554
-45.3656
-47.5789
-48.5469
-49.3331
-49.1239
-49.8661
-51.2233
-51.5887
-51.8817
-51.7828
-51.9367
-51.9085
-51.7058
-51.4001
-51.4829
-51.1539
-50.0746
-49.5545
-48.9316
-49.0911
-48.5531
-47.2116
-46.6087
-46.1059
-46.2208
-45.6591
-44.6092
-44.2514
-43.8565
-43.9327
-43.6314
-43.1481
-42.9658
-42.9473
-42.9543
-42.9319
-43.1408
-43.3525
-43.6033
-43.5604
-43.8967
-44.806
-45.246
-45.7604
-45.6517
-46.1456
-47.3405
-47.8693
-48.3288
-48.213
-48.6512
-49.4798
-49.7176
-49.9102
-49.8554
-49.9614
-49.9384
-49.8347
-49.6268
-49.6768
-49.4764
-48.7888
-48.415
-48.037
-48.1311
-47.7476
-46.8852
-46.5642
-46.2229
-46.2988
-46.011
-45.4979
-45.3113
-45.2132
-45.2399
-45.1692
-45.1536
-45.2294
-45.305
-45.2894
-45.433
-45.8355
-46.0052
-46.2259
-46.1786
-46.377
-46.8742
-47.127
-47.2856
-47.2444
-47.4441
-47.8289
-47.9667
-45.7191
-48.0782
-48.1756
-48.3541
-48.4228
-48.4243
-48.42
-48.4499
-48.411
-48.3535
-48.3185
-48.3271
-3.23762
-2.99641
-5.39574
-2.75071
-2.78426
-2.59314
-1.71969
-1.10243
-2.69315
-0.467976
0.423367
3.06203
2.17707
3.90481
5.84898
7.62596
9.69046
11.7684
14.1074
15.921
18.2976
20.8522
23.5833
26.3429
29.3463
32.387
35.4713
38.804
42.11
45.5078
48.9578
52.3079
55.8012
59.3274
62.6677
66.3092
69.759
73.2903
76.8348
80.3215
83.74
87.0503
90.1498
93.3871
96.2158
98.8876
101.27
103.024
104.673
105.953
106.82
107.541
107.948
108.157
108.246
108.057
107.799
107.299
106.745
106.026
105.177
104.364
103.332
102.248
101.089
99.8548
98.5741
97.2323
95.856
94.5671
93.2286
92.0098
90.9111
89.9369
89.1331
88.6036
88.168
88.1047
88.2523
88.6668
89.3734
90.35
91.5199
92.9364
94.4834
96.2069
98.0092
99.8527
101.635
103.392
104.919
106.293
107.451
108.398
109.027
109.433
109.55
109.438
109.091
108.6
107.852
107.015
106.014
104.963
103.9
102.793
101.749
100.735
99.8198
99.0247
98.3912
97.8475
97.5136
97.29
97.2316
97.3053
97.5499
97.8761
98.3204
98.8161
99.3501
99.9179
100.525
101.1
101.653
102.173
102.63
103.012
103.391
103.666
103.88
104.041
104.105
104.114
104.084
104.001
103.881
103.703
103.509
103.313
103.074
102.933
102.731
102.574
102.433
102.304
102.211
102.116
102.094
102.013
101.975
101.901
101.806
101.74
101.648
101.552
101.439
101.296
101.184
101.063
100.995
100.933
100.884
100.868
100.928
100.987
101.154
101.352
101.567
101.821
102.135
102.432
102.77
103.115
103.431
103.69
103.936
104.113
104.278
104.374
104.381
104.306
104.211
103.993
103.787
103.506
103.179
102.775
102.404
101.99
101.627
101.25
100.904
100.58
100.351
100.151
100.079
100.046
100.106
100.214
100.457
55.6781
56.0381
56.4073
56.8184
57.2374
57.6502
58.0224
58.4294
58.7443
59.0249
59.2275
59.3852
59.43
59.4528
59.3942
59.2676
59.0727
58.8333
58.5017
58.2135
57.8561
57.52
57.1568
56.8371
56.4995
56.286
56.0636
55.9301
55.8193
55.7965
55.7812
55.8892
56.013
56.2028
56.3889
56.6342
56.8501
57.1223
57.3736
57.6247
57.8292
58.046
58.1856
58.3281
58.4153
58.4859
58.475
58.4665
58.3633
58.2891
58.145
58.0281
57.8592
57.7316
57.556
57.435
57.2734
57.1983
57.0772
57.0159
56.9399
56.9286
56.8789
56.9209
56.9105
56.9808
56.9929
57.0655
57.0883
57.1572
57.191
57.2782
57.2759
57.3456
57.3293
57.3807
57.3652
57.4082
57.3497
57.3871
57.3111
57.3401
57.3063
57.3487
57.3022
57.3134
57.3357
57.4224
57.4097
57.4033
57.4838
57.5617
57.4994
57.5624
57.5433
57.5364
57.4841
57.5182
57.403
57.4347
57.4156
57.3096
57.1242
57.1111
57.1361
57.0004
56.7867
56.7797
56.6219
56.671
56.6501
56.5672
56.5622
56.6509
56.6203
56.6342
56.8245
56.9967
57.1199
57.0637
57.2249
57.5914
57.6595
57.8138
57.7494
57.873
58.081
58.1833
58.1425
58.1425
58.1497
58.0894
57.958
57.8915
57.9303
57.7833
57.4506
57.3042
57.125
57.2003
57.0653
56.7165
56.6601
56.5873
56.6179
56.543
56.4612
56.4795
56.5688
56.5443
56.5975
56.7946
56.851
56.9304
56.8932
57.0181
57.2591
57.3565
57.4025
57.3786
57.4203
57.5701
57.5446
57.5785
57.5707
57.5389
57.4767
57.4605
57.366
57.3969
57.3602
57.1611
57.1454
57.1095
57.1242
57.0608
56.9509
56.9213
56.926
56.9267
56.9309
56.9441
56.9206
56.9373
56.9297
56.9683
57.0552
57.1162
57.122
57.1157
57.1319
57.2092
57.191
57.2149
57.2079
57.1749
57.1349
57.1572
57.0948
57.1129
12.1038
12.0378
11.9999
12.0207
12.0242
11.9822
14.7226
11.575
11.1754
11.3203
10.8205
12.3832
8.83734
8.00077
8.29284
7.47624
8.02851
4.53591
6.02641
3.81342
2.81004
0.44656
1.77851
-1.72781
-1.49372
-2.6113
-5.32513
-4.4554
-5.88988
-7.82858
-9.40105
-10.9533
-12.7627
-14.6212
-16.6893
-18.9149
-21.2489
-23.7676
-26.4677
-29.3376
-32.4149
-35.6706
-39.039
-42.6485
-46.2848
-50.2119
-54.1707
-58.247
-62.4647
-66.5723
-70.9342
-75.2638
-79.5685
-83.8147
-88.0733
-92.1564
-96.0761
-99.8254
-103.314
-106.621
-109.51
-111.94
-114.054
-115.538
-116.694
-117.35
-117.441
-117.355
-116.837
-115.9
-114.605
-113.125
-111.41
-109.85
-108.197
-106.559
-105.132
-103.713
-102.598
-101.538
-100.691
-99.9283
-99.2619
-98.5946
-98.0245
-97.3875
-96.7982
-96.1206
-95.4475
-94.7262
-94.0486
-93.3576
-92.7648
-92.2434
-91.8551
-91.6544
-91.6647
-91.8838
-92.3251
-93.0105
-93.9184
-95.0463
-96.4067
-97.9057
-99.5816
-101.353
-103.184
-105.096
-106.996
-108.811
-110.516
-112.015
-113.322
-114.32
-115.081
-115.52
-115.667
-115.545
-115.18
-114.517
-113.657
-112.634
-111.404
-110.189
-108.787
-107.473
-106.139
-104.873
-103.645
-102.602
-101.581
-100.771
-100.024
-99.4837
-99.0581
-98.8396
-98.7712
-98.9213
-99.1931
-99.7022
-100.308
-101.122
-102.04
-103.061
-104.126
-105.255
-106.316
-107.412
-108.392
-109.294
-110.057
-110.69
-111.158
-111.472
-111.592
-111.608
-111.42
-111.122
-110.684
-110.132
-109.513
-108.843
-108.118
-107.427
-106.727
-106.064
-105.454
-104.938
-104.482
-104.156
-103.907
-103.8
-103.744
-103.824
-103.95
-104.185
-104.477
-104.828
-105.156
-105.529
-105.868
-106.21
-106.511
-106.813
-107.039
-107.236
-107.366
-107.49
-107.556
-107.613
-107.61
-107.583
-107.497
-107.437
-107.322
-107.24
-107.106
-106.99
-106.853
-106.774
-61.6485
-61.6005
-61.5131
-61.519
-61.4807
-61.5485
-61.5625
-61.6664
-61.7034
-61.8164
-61.8882
-61.9756
-61.9784
-62.0242
-61.9927
-61.971
-61.922
-61.88
-61.7522
-61.6723
-61.5231
-61.4326
-61.3147
-61.2532
-61.1348
-61.1018
-61.0388
-61.0831
-61.0722
-61.1961
-61.2492
-61.4195
-61.5218
-61.7223
-61.8839
-62.0979
-62.2704
-62.4704
-62.5833
-62.774
-62.9071
-62.9705
-62.9938
-63.0338
-62.9745
-62.9336
-62.8189
-62.6943
-62.4943
-62.3134
-61.932
-61.7765
-61.6122
-61.3836
-61.1324
-60.8367
-60.7261
-60.6232
-60.4839
-60.4422
-60.3993
-60.4493
-60.5386
-60.7081
-60.8615
-61.1193
-63.3102
-61.6257
-61.918
-62.2093
-62.597
-62.8714
-62.8988
-63.0995
-63.2273
-63.2259
-63.3597
-63.329
-63.2537
-63.1581
-63.1581
-63.0112
-62.6383
-62.4252
-62.1739
-62.1739
-61.5714
-61.4653
-59.3879
-61.0162
-60.7199
-60.5996
-60.5519
-60.4664
-60.4057
-60.4021
-60.4831
-60.577
-60.7134
-60.8771
-60.7972
-60.9707
-61.5343
-61.7854
-62.0296
-61.8919
-62.1425
-62.6866
-62.8589
-62.981
-62.8928
-63.0296
-63.1334
-63.1165
-63.0655
-63.0898
-62.9949
-62.6806
-62.5227
-62.3645
-62.4585
-62.2652
-61.8369
-61.6619
-61.5123
-61.6026
-61.493
-61.257
-61.2284
-61.2086
-61.2234
-61.2352
-61.3607
-61.4313
-61.5203
-61.4753
-61.5681
-61.8386
-61.9495
-62.0144
-61.9684
-62.0489
-62.2227
-62.2349
-62.2529
-62.2537
-62.254
-62.2044
-62.2287
-62.1446
-62.1755
-62.1404
-61.9683
-61.8572
-61.821
-61.8515
-61.7693
-61.6281
-61.637
-61.5561
-61.5937
-61.5773
-61.5131
-61.4498
-61.4972
-61.4897
-61.4486
-61.3969
-61.4317
-61.3601
-61.3823
-61.3866
-61.3637
-61.3143
-61.3507
-61.3436
-61.3086
-61.3402
-61.3837
-61.3815
-61.3741
-61.4322
-61.5985
-61.6444
-61.7574
-61.7041
-61.7668
-61.9668
-62.1026
-62.1427
-62.1042
-62.1865
-62.2973
-62.2861
-62.324
-62.3083
-62.2719
-62.153
-62.0686
