-6.272
-6.27902
-6.28604
-6.28604
-6.28604
-6.28604
-6.28604
-6.27887
-6.27902
-6.26469
-6.28575
-6.27143
-6.271
-6.27802
-6.26369
-6.26355
-6.29163
-6.29163
-6.29163
-6.3061
-6.29277
-6.28675
-6.30771
-6.32201
-6.30869
-6.2812
-6.26771
-6.24687
-6.24687
-6.23245
-6.21798
-6.18928
-6.20206
-6.22199
-6.22124
-6.3119
-6.3119
-6.43054
-6.53002
-6.64925
-6.82627
-6.98185
-7.18698
-7.42603
-7.61759
-7.93479
-8.14537
-8.48174
-8.71354
-9.05716
-9.33049
-9.65897
-9.9592
-10.2955
-10.6343
-10.9389
-11.3101
-11.6249
-11.9753
-12.3125
-12.6639
-13.0027
-13.3471
-13.7078
-14.0602
-14.4211
-14.7526
-15.1426
-15.4759
-15.843
-16.1972
-16.5435
-16.905
-17.2367
-17.5758
-17.9432
-18.2545
-18.6073
-18.9465
-19.2147
-19.632
-20.214
-20.2622
-20.6043
-20.8816
-21.3162
-21.5925
-21.9482
-22.3198
-22.3198
-23.0217
-23.4071
-23.7366
-24.1816
-24.1813
-24.5678
-25.3682
-25.7538
-26.1052
-26.1048
-27.0203
-27.3597
-27.8636
-28.7915
-28.2946
-28.699
-29.6896
-30.1169
-30.6825
-30.6825
-31.1948
-32.2501
-32.7822
-33.2942
-33.2942
-33.9113
-35.212
-35.8055
-36.503
-36.4209
-37.0586
-38.5752
-39.297
-40.0626
-39.9489
-40.7677
-42.526
-43.4174
-44.3798
-44.1963
-45.0867
-47.281
-48.3812
-49.358
-49.1002
-50.1419
-52.7261
-53.8958
-54.9988
-54.6095
-55.7557
-58.4862
-59.548
-60.6121
-60.0955
-61.083
-63.2135
-63.8653
-64.3747
-64.0087
-64.4468
-65.0117
-64.963
-64.8005
-64.8534
-64.6605
-63.7363
-63.2407
-62.7571
-63.0462
-62.5118
-61.1819
-60.8068
-60.3596
-60.5959
-60.2051
-59.3704
-59.1109
-58.9585
-59.0522
-58.8579
-58.545
-58.5255
-58.4778
-58.5039
-58.5223
-58.7014
-58.7902
-58.9738
-58.9005
-59.0695
-59.6928
-59.9993
-60.2926
-60.1444
-60.4757
-61.3276
-61.6657
-61.974
-61.7969
-62.0997
-62.7274
-62.8872
-63.0158
-62.9269
-62.9966
-63.0093
-62.9387
-62.7935
-62.8511
-17.7109
-17.1648
-16.8948
-16.6466
-16.7823
-16.4682
-15.4146
-14.8465
-14.2204
-14.5129
-13.8035
-11.7093
-10.701
-9.69788
-10.077
-8.93891
-6.22295
-4.96375
-6.18235
-4.01396
-2.75996
-2.06906
-0.749386
0.890347
2.88097
4.30742
5.65939
7.25259
9.08695
10.9688
12.8425
14.9968
17.2086
19.5332
21.337
23.675
26.9682
27.7827
32.357
34.1459
36.9024
40.8669
42.2065
45.2106
48.7845
51.9202
54.8411
58.2931
61.7381
65.3537
68.6934
72.0365
77.4724
78.7917
82.5603
85.8072
88.8618
91.9733
94.8839
97.7146
100.41
102.821
104.973
106.965
108.597
109.936
111.174
111.813
112.466
112.868
112.932
112.961
112.684
112.383
111.867
111.364
110.753
110.15
109.477
108.751
108.044
107.263
106.485
105.632
104.777
103.806
102.868
101.802
100.86
99.8368
99.0143
98.2253
97.6366
97.1543
96.9578
96.9319
97.2551
97.6976
98.4975
99.4232
100.597
101.932
103.376
104.856
106.45
107.87
109.32
110.639
111.79
112.794
113.613
114.217
114.635
114.79
114.819
114.569
114.148
113.486
112.686
111.719
110.664
109.482
108.272
107.074
105.891
104.809
103.876
103.039
102.412
101.94
101.666
101.62
101.768
102.117
102.694
103.346
104.156
105.099
106.088
107.136
108.2
109.17
110.095
110.935
111.656
112.24
112.688
112.911
112.998
112.883
112.639
112.226
111.72
111.048
110.315
109.541
108.685
107.93
107.162
106.427
105.822
105.305
104.872
104.654
104.514
104.488
104.643
104.884
105.217
105.714
106.248
106.819
107.494
108.085
108.7
109.297
109.815
110.248
110.621
110.836
110.972
111.007
110.933
110.777
110.545
110.191
109.794
109.364
108.925
108.47
108.069
107.615
107.244
106.933
106.696
106.514
106.45
106.403
106.452
106.585
106.793
62.0178
62.3474
62.6107
62.9504
63.2534
63.591
63.841
64.131
64.254
64.406
64.4702
64.5199
64.452
64.4195
64.2302
64.0958
63.8942
63.7217
63.4846
63.3102
63.0775
62.9238
62.7407
62.6589
62.5362
62.5341
62.4915
62.5547
62.5916
62.735
62.8256
63.022
63.145
63.3562
63.4685
63.6545
63.7453
63.878
63.9
63.9864
63.9446
63.9446
63.8469
63.7766
63.6366
63.543
63.3526
63.2314
63.041
62.9512
62.799
62.7244
62.6201
62.6153
62.5598
62.6407
62.6458
62.7823
62.8487
63.0169
63.1209
63.3164
63.4267
63.6397
63.7287
63.903
63.9657
64.0988
64.095
64.1817
64.1141
64.0988
63.9656
63.8925
63.6955
63.5772
63.3576
63.2091
62.9795
62.8662
62.6703
62.5977
62.4559
62.4463
62.3696
62.4279
62.4261
62.5709
62.6187
62.791
62.8881
63.0819
63.2019
63.421
63.4992
63.6975
63.7429
63.8737
63.8822
64.0318
63.9136
63.9401
63.8129
63.7609
63.5204
63.4853
63.3305
63.2345
63.0347
62.8543
62.7676
62.7061
60.5631
62.5572
62.5554
62.6273
62.6306
64.8957
62.7585
62.7576
62.9422
63.0568
63.1881
63.3919
63.3919
63.5746
63.8263
63.8746
63.9268
63.9268
63.8235
63.676
63.6514
63.5242
63.5918
63.488
63.1432
62.898
62.8196
62.893
62.7835
62.447
62.4849
62.3567
62.4126
62.3867
62.4709
62.4835
62.6487
62.5762
62.6328
62.9774
63.1202
63.2148
63.132
63.2952
63.582
63.6946
63.7479
63.6969
63.748
63.7508
63.7281
63.694
63.7195
63.6354
63.3833
63.214
63.1164
63.191
63.097
62.85
62.7671
62.6439
62.7167
62.6758
62.6131
62.6606
62.6911
62.675
62.6778
62.875
62.9509
63.0649
62.9991
63.0973
63.3243
63.3812
63.4333
63.383
63.4489
63.448
63.5325
63.4537
63.4789
63.446
63.3026
63.1486
63.1756
63.1921
18.0872
17.9171
17.8538
17.7084
17.7815
17.7481
17.3083
16.9974
16.7043
16.8768
16.415
15.1168
14.4011
13.6591
14.028
13.2578
11.3359
10.452
9.69975
10.0182
8.28891
7.54821
6.71282
5.12667
4.28057
3.47966
2.71955
1.79505
1.0004
0.0976219
-0.909561
-1.84218
-3.02872
-4.31824
-5.43296
-6.81256
-8.28961
-9.98265
-11.8312
-13.6363
-15.6016
-17.8643
-20.147
-22.8102
-25.3603
-28.1194
-31.0071
-34.1562
-37.3578
-40.694
-44.1974
-47.6998
-51.4507
-55.1067
-58.9185
-62.7996
-67.2708
-70.6462
-74.7776
-78.839
-83.4963
-87.7651
-91.8305
-96.0496
-100.084
-102.401
-107.997
-114.488
-109.565
-119.229
-122.533
-126.299
-129.405
-122.413
-123.748
nan
-125.293
-124.841
-124.841
-120.354
-116.88
-115.277
-116.411
-116.411
-113.833
-106.136
-103.34
-100.426
-103.118
-98.7505
-91.0841
-87.7169
-84.6468
-85.2065
-81.6794
-74.1705
-70.4441
-66.6322
-66.7903
-62.9599
-54.7545
-50.4597
-46.043
-46.0439
-41.5764
-32.3321
-27.6172
-23.1322
-23.2854
-19.0477
-11.2697
-8.08731
-5.46732
-5.85219
-3.68035
-0.802494
-0.293613
-0.29472
-0.324963
-0.59589
-2.46169
-3.72675
-5.21149
-4.98096
-6.58303
-10.468
-12.4242
-14.4665
-14.2854
-16.4476
-21.0758
-23.3817
-25.7755
-25.6936
-28.0515
-32.6513
-34.9109
-37.3175
-37.3025
-39.8173
-45.2689
-48.1226
-51.1052
-51.0986
-54.1946
-60.8905
-64.1779
-67.5876
-67.4602
-70.705
-77.1869
-80.0482
-82.6663
-82.3457
-84.6563
-88.665
-89.8361
-90.6641
-90.4791
-90.9566
-90.6002
-89.7977
-88.6385
-88.8515
-87.4501
-83.2875
-81.145
-78.6774
-78.9473
-76.3286
-70.5209
-67.6138
-64.7088
-64.8073
-61.7495
-55.7351
-52.7774
-49.9181
-49.9187
-47.2173
-42.0501
-39.6519
-37.3027
-37.3175
-35.1256
-31.0067
-29.1384
-27.3572
-27.4082
-25.742
-22.9546
-21.8856
-21.0562
-21.0956
-20.4661
-19.9059
-20.0393
-20.4845
-20.4456
-21.182
21.4581
19.9059
18.0968
18.1481
16.0572
13.1472
12.3664
7.87764
6.08305
3.28577
1.20624
-3.45462
-4.4675
-8.04826
-10.7533
-14.2651
-14.8713
-19.1016
-20.8914
-23.0722
-25.2439
-26.9179
-28.4218
-30.2935
-31.6494
-31.6515
-34.3313
-32.65
-34.6723
-34.8614
-36.5139
-33.8545
-33.0337
-33.1169
-32.1234
-29.3135
-29.6856
-27.8294
-25.9822
-23.9703
-21.9162
-19.6622
-17.3547
-15.0421
-12.6217
-10.2398
-7.88606
-5.47564
-3.11083
-0.804035
1.48899
3.68713
5.80574
7.87665
9.81726
11.6154
13.2627
14.7049
15.9792
17.0467
17.8642
18.4517
18.7495
18.7936
18.6171
18.1769
17.5101
16.6167
15.4808
14.1907
12.7369
11.1337
9.43481
7.57851
5.62019
3.6352
1.5833
-0.502719
-2.62667
-4.7913
-6.95849
-9.10476
-11.2057
-13.2721
-15.3203
-17.323
-19.1979
-20.9669
-22.6215
-24.1129
-25.4809
-26.6732
-27.6589
-28.4068
-28.9413
-29.2849
-29.3938
-29.2931
-28.9353
-28.3607
-27.5575
-26.5817
-25.4325
-24.1157
-22.5957
-20.9486
-19.2005
-17.3595
-15.4537
-13.4925
-11.4313
-9.35392
-7.31667
-5.28023
-3.29358
-1.30892
0.636574
2.44361
4.21018
5.80661
7.279
8.70358
9.9492
10.9915
11.9155
12.6021
13.1115
13.5077
13.678
13.6431
13.4085
12.9843
12.3834
11.6488
10.7382
9.66755
8.40901
7.05516
5.61341
4.05907
2.44555
0.729758
-1.11172
-2.89412
-4.70561
-6.56228
-8.35551
-10.2009
-12.0438
-13.7205
-15.3698
-16.9543
-18.3977
-19.8056
-21.0668
-22.1028
-23.0073
-23.7402
-24.3232
-24.741
-24.9406
-24.9185
-24.7179
-24.3419
-23.8381
-23.1544
-22.2948
-21.2797
-20.0895
-18.8464
-17.5281
-16.0785
-14.5493
-12.9254
-11.2414
-9.62519
-7.96032
-6.29832
-4.62416
-2.92133
-1.32492
0.153993
1.59979
2.97619
4.27733
5.48893
6.53256
7.40334
8.14141
8.79517
9.29623
9.63467
9.76847
9.71999
9.51026
9.20078
8.75809
8.13194
7.33127
