-5.509
-5.509
-5.509
-5.509
-5.509
-5.509
-5.509
-5.509
-5.53003
-5.51601
-5.53003
-5.55098
-5.53748
-5.57253
-5.60809
-5.59458
-5.60211
-5.64461
-5.64435
-5.67941
-5.65837
-5.64462
-5.6589
-5.68642
-5.6724
-5.63735
-5.61666
-5.62341
-5.62393
-5.63138
-5.63138
-5.61138
-5.61318
-5.61318
-5.59319
-5.60953
-5.53945
-5.49219
-5.48001
-5.3329
-5.34146
-5.15261
-5.09704
-4.92227
-4.7962
-4.63545
-4.45262
-4.29865
-4.06715
-3.89118
-3.65302
-3.47707
-3.22499
-3.05658
-2.79082
-2.62994
-2.38555
-2.2397
-2.00986
-1.87168
-1.68434
-1.55317
-1.38707
-1.27743
-1.15246
-1.06323
-0.979908
-0.910585
-0.868121
-0.833999
-0.847148
-0.832184
-0.900423
-0.913103
-1.03004
-1.06369
-1.22202
-1.27662
-1.47041
-1.5395
-1.76178
-1.84537
-2.08918
-2.18029
-2.43203
-2.52328
-2.91537
-2.88792
-3.15439
-3.2109
-3.45606
-3.49849
-3.71538
-3.74307
-3.93199
-3.93122
-4.09946
-3.73625
-4.03121
-3.9817
-4.0577
-3.98718
-4.01446
-3.92296
-3.90971
-3.79725
-3.73401
-3.60909
-3.60935
-3.49666
-3.21166
-3.06632
-2.88499
-2.88499
-2.74023
-2.39322
-2.16314
-2.03205
-2.03205
-1.79505
-1.44712
-1.34298
-1.12646
-1.12646
-1.04321
-0.791575
-0.637685
-0.60955
-0.60955
-0.496743
-0.600225
-0.65612
-0.634362
-0.634362
-0.725176
-0.885821
-0.968827
-1.1233
-1.1233
-1.24848
-1.57726
-1.73822
-1.92631
-1.92621
-2.07373
-2.41574
-2.61735
-2.73591
-2.73575
-2.9307
-3.21562
-3.29254
-3.47309
-3.47289
-3.51459
-3.68744
-3.8266
-3.81935
-3.81935
-3.93755
-4.00025
-3.93029
-4.01501
-4.01478
-3.9243
-3.89006
-3.93905
-3.82784
-3.82807
-3.86256
-3.77132
-3.63888
-3.65187
-3.65209
-3.5124
-3.38576
-3.38471
-3.2456
-3.2456
-3.23754
-3.07852
-2.97289
-2.92497
-2.92437
-2.83502
-2.70843
-2.64731
-2.61211
-2.61339
-2.55721
-2.50256
-2.51604
-2.50332
-2.50256
-2.51728
-2.54448
-2.55894
-2.59368
-2.59444
-2.62806
42.2806
42.2386
42.1624
42.1632
42.1204
41.9609
41.7867
41.6617
41.6615
41.3759
40.7607
40.4184
39.9149
39.9155
39.3697
38.1022
39.2403
36.6301
36.6339
35.8211
35.8137
33.1476
33.9159
32.1097
31.1685
29.1214
30.0613
27.1409
27.1662
26.2698
26.2542
23.621
24.6208
22.7667
22.0617
20.7051
20.2096
19.6688
19.6953
19.3369
18.7027
18.5641
18.4356
18.4419
18.4636
18.6752
18.9188
19.2247
19.2091
19.6199
20.0404
20.6162
21.1544
21.8635
22.5441
23.3038
24.1389
24.9286
25.88
26.7078
27.6983
28.6099
29.5274
30.5065
31.3563
32.3395
33.1449
34.0277
34.8047
35.5322
36.26
36.8549
37.4707
37.939
38.3739
38.7169
38.9842
39.1818
39.2734
39.325
39.2209
39.0973
38.8261
38.5121
38.1077
37.6098
37.1001
36.4129
35.7815
34.9887
34.2504
33.4504
32.5143
31.6971
30.7174
29.8697
28.9673
27.984
27.164
26.2011
25.4128
24.5976
23.76
23.1199
22.3437
21.7825
21.2047
20.6828
20.3195
19.8675
19.6182
19.3825
19.201
19.1736
19.1008
19.2583
19.3492
19.6144
19.931
20.2668
20.8062
21.257
21.9385
22.5325
23.283
24.0673
24.824
25.7626
26.5709
27.5417
28.4121
29.3865
30.3383
31.2118
32.2324
33.0328
34.0009
34.7229
35.6268
36.3476
36.9844
37.7201
38.1742
38.7681
39.0892
39.4803
39.7397
39.8374
40.012
39.9004
39.8801
39.6928
39.4062
39.1414
38.6384
38.2339
37.6466
37.0104
36.4007
35.5799
34.8791
34.0293
33.1585
32.3344
31.3687
30.5086
29.5554
28.6434
27.7505
26.8004
25.9912
25.0969
24.351
23.59
22.8702
22.2907
21.6558
21.2222
20.7647
20.4384
20.209
19.9799
19.952
19.8737
19.9897
20.1121
20.3349
20.6632
20.9566
21.523
21.9086
22.5865
23.1851
23.8898
24.6507
25.3678
26.3259
27.0559
28.0329
28.8955
29.8204
-14.249
-13.3887
-12.3958
-11.6361
-10.7021
-9.90951
-9.06781
-8.24819
-7.4846
-6.6524
-5.93887
-5.06535
-4.40333
-3.53894
-2.87709
-2.08266
-1.41362
-0.703161
-0.0472376
0.580199
1.18026
1.71785
2.24945
2.68916
3.13707
3.47922
3.82218
4.05211
4.28309
4.40781
4.52683
4.53236
4.54598
4.4254
4.33438
4.09535
3.9
3.56327
3.26315
2.8501
2.4385
1.97009
1.46721
0.950597
0.378104
-0.173555
-0.802043
-1.36075
-2.01734
-2.56861
-3.21846
-3.76349
-4.38578
-4.87619
-5.46949
-5.88959
-6.42879
-6.75835
-7.22969
-7.46059
-7.83144
-7.97234
-8.21779
-8.25345
-8.38004
-8.31742
-8.3179
-8.14921
-8.00891
-7.75649
-7.49167
-7.15511
-6.76998
-6.36321
-5.86711
-5.41873
-4.82492
-4.33545
-3.81136
-3.28765
-2.61798
-2.07353
-1.41155
-0.763462
-0.122386
0.365179
0.804577
1.32722
1.32636
1.7167
2.53313
2.86129
3.18938
3.18966
3.64562
3.74471
3.80813
3.78827
3.78827
3.74656
3.45385
3.1821
2.9446
2.9446
2.25409
1.80748
1.38895
0.88677
0.88677
0.41916
-0.655373
-1.22053
-1.77973
-1.7799
-2.35856
-3.51197
-4.0792
-4.63832
-4.63749
-5.17701
-6.20062
-6.66255
-7.09061
-7.0889
-7.48057
-8.12792
-8.38799
-8.57619
-8.57514
-8.73019
-8.84973
-8.79881
-8.74315
-8.74315
-8.58089
-8.173
-7.89296
-7.59128
-7.59266
-7.20022
-6.35255
-5.91931
-5.39552
-5.39681
-4.91499
-3.84658
-3.25273
-2.73749
-2.73765
-2.14433
-1.06211
-0.574586
-0.0641005
-0.0640962
0.37548
1.17906
1.55103
1.83626
1.83626
2.10371
2.46143
2.58684
2.62328
2.62328
2.65818
2.5117
2.31652
2.16227
2.16241
1.86255
1.2196
0.919728
0.424003
0.424037
0.0684923
-0.894761
-1.49518
-1.93511
-1.935
-2.57095
-3.65409
-4.0935
-4.70903
-4.70819
-5.1269
-6.10037
-6.6187
-6.95407
-6.95261
-7.38695
-7.99147
-8.16652
-8.40592
-8.40556
-8.49008
-8.58233
-8.56178
-8.45652
-8.45763
-8.30387
-52.8257
-52.5871
-52.1587
-52.1605
-51.8718
-50.9399
-50.2534
-49.7294
-49.7292
-48.9261
-47.356
-46.4487
-45.5215
-45.5207
-44.4339
-42.2937
-41.0871
-40.0069
-40.0082
-38.7328
-36.3537
-36.8791
-35.7868
-33.9882
-32.7294
-32.342
-29.3983
-30.2568
-28.4392
-27.4569
-25.701
-26.7726
-24.2195
-24.2454
-23.6541
-22.6436
-22.2627
-21.9658
-21.983
-21.7998
-21.6305
-21.6571
-21.7816
-21.777
-21.9928
-22.605
-22.9988
-23.469
-23.4436
-24.0147
-25.318
-24.0948
-26.7967
-26.7625
-27.5732
-28.4515
-29.4353
-30.3515
-31.435
-32.4707
-33.546
-34.7139
-35.7668
-36.9428
-38.0497
-39.1261
-40.2533
-41.2489
-42.2628
-43.1654
-44.0157
-44.819
-45.5038
-46.1365
-46.6382
-47.0595
-47.3989
-47.5931
-47.7347
-47.7326
-47.6316
-47.461
-47.1261
-46.7677
-46.2799
-45.6957
-45.0892
-44.347
-43.5733
-42.7538
-41.8565
-40.935
-39.9543
-38.966
-37.9678
-36.9504
-35.9147
-34.9361
-33.914
-32.9557
-32.0142
-31.1096
-30.2623
-29.4357
-28.698
-27.9792
-27.3712
-26.803
-26.3061
-25.8799
-25.5237
-25.2394
-25.0433
-24.9112
-24.8553
-24.8786
-24.9474
-25.1432
-25.366
-25.7022
-26.0589
-26.5131
-27.0376
-27.5892
-28.259
-28.8948
-29.6413
-30.4173
-31.2348
-32.1079
-32.99
-33.9051
-34.8504
-35.7878
-36.7459
-37.6984
-38.6424
-39.5165
-40.4388
-41.2705
-42.0727
-42.8684
-43.5021
-44.1915
-44.7418
-45.242
-45.6807
-46.0074
-46.2707
-46.4652
-46.5274
-46.5479
-46.4439
-46.2553
-46.0134
-45.6515
-45.2277
-44.7499
-44.1581
-43.5479
-42.8674
-42.1368
-41.3726
-40.5638
-39.7134
-38.8758
-37.9879
-37.0937
-36.2325
-35.3274
-34.4735
-33.6395
-32.7918
-32.035
-31.2571
-30.584
-29.9327
-29.3307
-28.8202
-28.3173
-27.9265
-27.5776
-27.2927
-27.1038
-26.9169
-26.8638
-26.8497
-26.9079
-27.055
-27.2171
-27.4767
-27.7967
-28.1615
-28.615
-29.0904
-29.6489
-30.2262
-30.857
-31.5495
-32.2194
11.9984
11.293
10.5239
9.73478
8.96542
8.15634
7.30929
6.44378
5.53755
4.62341
3.63264
2.67449
1.64415
0.638466
-0.433714
-1.42427
-2.49786
-3.48188
-4.56396
-5.50692
-6.56242
-7.42944
-8.42402
-9.2
-10.1191
-10.7836
-11.5763
-12.1083
-12.7611
-13.1321
-13.6453
-13.8408
-14.1993
-14.2059
-14.3957
-14.212
-14.227
-13.8612
-13.6804
-13.1537
-12.7754
-12.1098
-11.5492
-10.7514
-10.0511
-9.12706
-8.30892
-7.30922
-6.42153
-5.35908
-4.44303
-3.37469
-2.45249
-1.42535
-0.523971
0.418829
1.27069
2.10181
2.88388
3.5679
4.24589
4.77648
5.30036
5.67753
6.01294
6.20776
6.36868
6.38864
6.36863
6.20096
5.99906
5.67068
5.28801
4.81372
4.27764
3.65799
2.97599
2.25153
1.44407
0.642526
-0.265961
-1.12075
-2.0892
-2.98239
-3.97628
-4.87433
-5.85281
-6.72792
-7.65927
-8.48168
-9.3329
-10.0566
-10.8083
-11.4263
-12.0588
-12.5085
-12.9868
-13.2743
-13.5827
-13.6961
-13.8309
-13.7635
-13.6997
-13.4815
-13.2175
-12.8505
-12.3972
-11.8849
-11.2531
-11.2523
-10.608
-9.06759
-8.15129
-7.3345
-7.3345
-7.26325
-4.43704
-3.56082
-2.52813
-2.52856
-1.64457
0.196954
1.09882
1.92196
1.9217
2.6986
4.0995
4.72186
5.22777
5.22678
5.68209
6.31601
6.48582
6.59134
6.59134
6.57198
6.28594
6.0272
5.65033
5.65141
5.21075
4.07764
3.407
2.6667
2.66723
1.88519
0.153395
-0.775877
-1.72525
-1.72506
-2.70988
-4.70061
-5.65732
-6.65804
-6.65526
-7.5773
-9.374
-10.2232
-10.9731
-10.9664
-11.6897
-12.8988
-13.369
-13.778
-13.772
-14.0758
-14.4398
-14.439
-14.4045
-14.4045
-14.1951
-13.6133
-13.2209
-12.6209
-12.6286
-12.0514
-10.57
-9.69318
-8.85944
-8.8648
-7.89124
-5.93555
-4.97125
-3.92496
-3.92611
-2.98368
-1.04441
-0.0808029
0.775175
0.775117
1.62493
3.13283
3.80927
4.39587
4.39473
4.94678
5.79431
6.02542
6.30692
